1: 1[2  3  4  5  6  7  8] 2[1  8  7  3] 3[1  2  7  6  5  4] 4[1  3  5] 5[1  4  3  6] 6[1  5  3  7] 7[1  6  3  2  8] 8[1  7  2]
2: 1[2  3  4  5  6  7] 2[1  7  8] 3[1  8  7  6  5  4] 4[1  3  5] 5[1  4  3  6] 6[1  5  3  7] 7[1  6  3  8  2] 8[2  7  3]
3: 1[2  3  4  5  6] 2[1  7  3] 3[1  2  7  4] 4[1  3  7  5] 5[1  4  7  8  6] 6[1  5  8] 7[2  8  5  4  3] 8[5  7  6]
4: 1[2  3  4  5  6  7] 2[1  7  6  8] 3[1  8  4] 4[1  3  8  5] 5[1  4  8  6] 6[1  5  8  2  7] 7[1  6  2] 8[2  6  5  4  3]
5: 1[2  3  4  5  6  7] 2[1  7  8] 3[1  8  7  4] 4[1  3  7  6  5] 5[1  4  6] 6[1  5  4  7] 7[1  6  4  3  8  2] 8[2  7  3]
6: 1[2  3  4  5  6] 2[1  6  5  7] 3[1  7  8] 4[1  8  7  5] 5[1  4  7  2  6] 6[1  5  2] 7[2  5  4  8  3] 8[3  7  4]
7: 1[2  3  4  5  6] 2[1  7  5  4  3] 3[1  2  4] 4[1  3  2  5] 5[1  4  2  7  8  6] 6[1  5  8] 7[2  8  5] 8[5  7  6]
8: 1[2  3  4  5] 2[1  6  3] 3[1  2  6  4] 4[1  3  6  7  8  5] 5[1  4  8] 6[2  7  4  3] 7[4  6  8] 8[4  7  5]
9: 1[2  3  4  5  6] 2[1  7  5  8] 3[1  8  4] 4[1  3  8  5] 5[1  4  8  2  7  6] 6[1  5  7] 7[2  6  5] 8[2  5  4  3]
10: 1[2  3  4  5] 2[1  5  6  7] 3[1  7  8] 4[1  8  7  6] 5[1  6  2] 6[2  5  4  7] 7[2  6  4  8  3] 8[3  7  4]
11: 1[2  3  4  5  6] 2[1  6  7  3] 3[1  2  7  8  4] 4[1  3  8] 5[1  8  7] 6[1  7  2] 7[2  6  5  3] 8[3  5  4]
12: 1[2  3  4  5] 2[1  5  6  7] 3[1  7  8] 4[1  8  6] 5[1  6  2] 6[2  5  4  7] 7[2  6  8  3] 8[3  7  4]
13: 1[2  3  4  5  6] 2[1  6  7  3] 3[1  2  8  4] 4[1  3  8] 5[1  8  7] 6[1  7  2] 7[2  6  5] 8[3  5  4]
14: 1[2  3  4  5  6  7] 2[1  7  6  8] 3[1  8  6  5  4] 4[1  3  5] 5[1  4  3  6] 6[1  5  3  8  2  7] 7[1  6  2] 8[2  6  3]
15: 1[2  3  4  5  6  7] 2[1  7  5  8] 3[1  8  4] 4[1  3  8  5] 5[1  4  8  2  7  6] 6[1  5  7] 7[1  6  5  2] 8[2  5  4  3]
16: 1[2  3  4  5  6] 2[1  6  7  8] 3[1  8  4] 4[1  3  8  5] 5[1  4  8  7] 6[1  7  2] 7[2  6  5  8] 8[2  7  5  4  3]
17: 1[2  3  4  5] 2[1  5  6  7] 3[1  8  4] 4[1  3  8  6] 5[1  6  2] 6[2  5  4  8  7] 7[2  6  8] 8[3  7  6  4]
18: 1[2  3  4  5  6] 2[1  6  5  7] 3[1  8  4] 4[1  3  8  5] 5[1  4  8  7  2  6] 6[1  5  2] 7[2  5  8] 8[3  7  5  4]
19: 1[2  3  4  5  6  7  8] 2[1  8  3] 3[1  2  8  4] 4[1  3  8  5] 5[1  4  7  6] 6[1  5  7] 7[1  6  5  8] 8[1  7  4  3  2]
20: 1[2  3  4  5  6  7] 2[1  7  8] 3[1  8  6  5  4] 4[1  3  5] 5[1  4  3  6] 6[1  5  3  7] 7[1  6  8  2] 8[2  7  3]
21: 1[2  3  4  5  6] 2[1  7  3] 3[1  2  7  4] 4[1  3  7  5] 5[1  4  8  6] 6[1  5  8] 7[2  8  4  3] 8[5  7  6]
22: 1[2  3  4  5  6  7] 2[1  7  6  8] 3[1  8  4] 4[1  3  8  5] 5[1  4  8  6] 6[1  5  2  7] 7[1  6  2] 8[2  5  4  3]
23: 1[2  3  4  5  6  7] 2[1  7  8] 3[1  8  7  4] 4[1  3  6  5] 5[1  4  6] 6[1  5  4  7] 7[1  6  3  8  2] 8[2  7  3]
24: 1[2  3  4  5  6] 2[1  6  5  7] 3[1  7  8] 4[1  8  7  5] 5[1  4  2  6] 6[1  5  2] 7[2  4  8  3] 8[3  7  4]
25: 1[2  3  4  5] 2[1  6  4  3] 3[1  2  4] 4[1  3  2  7] 5[1  7  8] 6[2  8  7] 7[4  6  8  5] 8[5  7  6]
26: 1[2  3  4  5  6] 2[1  7  4  3] 3[1  2  4] 4[1  3  2  5] 5[1  4  7  8  6] 6[1  5  8] 7[2  8  5] 8[5  7  6]
27: 1[2  3  4  5  6] 2[1  7  5  8] 3[1  8  4] 4[1  3  8  5] 5[1  4  2  7  6] 6[1  5  7] 7[2  6  5] 8[2  4  3]
28: 1[2  3  4  5] 2[1  5  6  7] 3[1  7  8] 4[1  8  7  6] 5[1  6  2] 6[2  5  4] 7[2  4  8  3] 8[3  7  4]
29: 1[2  3  4  5  6  7] 2[1  7  6  8] 3[1  8  5  4] 4[1  3  5] 5[1  4  3  6] 6[1  5  8  2  7] 7[1  6  2] 8[2  6  3]
30: 1[2  3  4  5  6] 2[1  6  5  7] 3[1  7  4] 4[1  3  7  8] 5[1  8  2  6] 6[1  5  2] 7[2  8  4  3] 8[4  7  5]
31: 1[2  3  4  5  6  7] 2[1  7  5  8] 3[1  8  4] 4[1  3  8  5] 5[1  4  2  7  6] 6[1  5  7] 7[1  6  5  2] 8[2  4  3]
32: 1[2  3  4  5  6] 2[1  7  8] 3[1  8  6  5  4] 4[1  3  5] 5[1  4  3  6] 6[1  5  3  7] 7[2  6  8] 8[2  7  3]
33: 1[2  3  4  5] 2[1  6  3] 3[1  2  6  4] 4[1  3  6  7] 5[1  7  8] 6[2  8  4  3] 7[4  8  5] 8[5  7  6]
34: 1[2  3  4  5  6] 2[1  6  7  8] 3[1  8  4] 4[1  3  8  5] 5[1  4  8  7] 6[1  7  2] 7[2  6  5] 8[2  5  4  3]
35: 1[2  3  4  5  6] 2[1  6  5  7] 3[1  8  4] 4[1  3  8  5] 5[1  4  7  2  6] 6[1  5  2] 7[2  5  8] 8[3  7  4]
36: 1[2  3  4  5] 2[1  5  6] 3[1  7  4] 4[1  3  7  5] 5[1  4  8  6  2] 6[2  5  8] 7[3  8  4] 8[5  7  6]
37: 1[2  3  4  5  6  7  8] 2[1  8  3] 3[1  2  4] 4[1  3  8  5] 5[1  4  8  7  6] 6[1  5  7] 7[1  6  5  8] 8[1  7  5  4  2]
38: 1[2  3  4  5  6  7] 2[1  7  8] 3[1  8  7  6  4] 4[1  3  5] 5[1  4  6] 6[1  5  3  7] 7[1  6  3  8  2] 8[2  7  3]
39: 1[2  3  4  5  6] 2[1  7  3] 3[1  2  4] 4[1  3  7  5] 5[1  4  7  8  6] 6[1  5  8] 7[2  8  5  4] 8[5  7  6]
40: 1[2  3  4  5  6] 2[1  6  7] 3[1  7  5  8  4] 4[1  3  8] 5[1  8  3  7  6] 6[1  5  2] 7[2  5  3] 8[3  5  4]
41: 1[2  3  4  5] 2[1  6  3] 3[1  2  7] 4[1  7  6  8  5] 5[1  4  8] 6[2  8  4  7] 7[3  6  4] 8[4  6  5]
42: 1[2  3  4  5] 2[1  6  7] 3[1  7  6  8  4] 4[1  3  5] 5[1  4  8] 6[2  8  3  7] 7[2  6  3] 8[3  6  5]
43: 1[2  3  4] 2[1  5  3] 3[1  2  6] 4[1  7  8] 5[2  8  7  6] 6[3  5  7] 7[4  6  5  8] 8[4  7  5]
44: 1[2  3  4  5  6  7] 2[1  7  6  8] 3[1  8  4] 4[1  3  5] 5[1  4  8  6] 6[1  5  8  2  7] 7[1  6  2] 8[2  6  5  3]
45: 1[2  3  4  5  6] 2[1  6  7] 3[1  7  8  5  4] 4[1  3  5] 5[1  4  3  8] 6[1  8  2] 7[2  8  3] 8[3  7  6  5]
46: 1[2  3  4  5] 2[1  6  3] 3[1  2  6  7] 4[1  7  5] 5[1  4  8] 6[2  8  7  3] 7[3  6  8  4] 8[5  7  6]
47: 1[2  3  4  5  6  7] 2[1  7  8] 3[1  8  6  5  4] 4[1  3  5] 5[1  4  3  6] 6[1  5  3  8  7] 7[1  6  2] 8[2  6  3]
48: 1[2  3  4  5  6] 2[1  7  3] 3[1  2  7  4] 4[1  3  7  8  5] 5[1  4  6] 6[1  5  8] 7[2  8  4  3] 8[4  7  6]
49: 1[2  3  4  5  6  7] 2[1  7  5  8] 3[1  8  4] 4[1  3  8  5] 5[1  4  8  2  6] 6[1  5  7] 7[1  6  2] 8[2  5  4  3]
50: 1[2  3  4  5  6] 2[1  7  8] 3[1  8  7  6  4] 4[1  3  5] 5[1  4  6] 6[1  5  3  7] 7[2  6  3  8] 8[2  7  3]
51: 1[2  3  4  5] 2[1  6  3] 3[1  2  4] 4[1  3  6  7] 5[1  7  8] 6[2  8  7  4] 7[4  6  8  5] 8[5  7  6]
52: 1[2  3  4  5  6] 2[1  6  7  8] 3[1  8  4] 4[1  3  5] 5[1  4  8  7] 6[1  7  2] 7[2  6  5  8] 8[2  7  5  3]
53: 1[2  3  4  5  6  7  8] 2[1  8  3] 3[1  2  7  4] 4[1  3  6  5] 5[1  4  6] 6[1  5  4  7] 7[1  6  3  8] 8[1  7  2]
54: 1[2  3  4  5  6  7] 2[1  7  8] 3[1  8  6  4] 4[1  3  5] 5[1  4  6] 6[1  5  3  7] 7[1  6  8  2] 8[2  7  3]
55: 1[2  3  4  5  6] 2[1  6  7] 3[1  7  8  4] 4[1  3  8] 5[1  8  7  6] 6[1  5  2] 7[2  5  3] 8[3  5  4]
56: 1[2  3  4  5] 2[1  6  7] 3[1  7  8  4] 4[1  3  5] 5[1  4  8] 6[2  8  7] 7[2  6  3] 8[3  6  5]
57: 1[2  3  4  5  6] 2[1  6  4  7] 3[1  7  8] 4[1  8  2  5] 5[1  4  6] 6[1  5  2] 7[2  8  3] 8[3  7  4]
58: 1[2  3  4  5  6  7] 2[1  7  6  8] 3[1  8  4] 4[1  3  5] 5[1  4  8  6] 6[1  5  2  7] 7[1  6  2] 8[2  5  3]
59: 1[2  3  4  5  6] 2[1  6  7] 3[1  8  4] 4[1  3  5] 5[1  4  8  6] 6[1  5  7  2] 7[2  6  8] 8[3  7  5]
60: 1[2  3  4  5  6] 2[1  6  7] 3[1  7  5  4] 4[1  3  5] 5[1  4  3  8] 6[1  8  2] 7[2  8  3] 8[5  7  6]
61: 1[2  3  4  5] 2[1  5  6] 3[1  7  4] 4[1  3  8] 5[1  8  6  2] 6[2  5  7] 7[3  6  8] 8[4  7  5]
62: 1[2  3  4] 2[1  5  6] 3[1  7  4] 4[1  3  8] 5[2  8  6] 6[2  5  7] 7[3  6  8] 8[4  7  5]
63: 1[2  3  4  5  6  7  8] 2[1  8  4  3] 3[1  2  4] 4[1  3  2  8  5] 5[1  4  8  7  6] 6[1  5  7] 7[1  6  5  8] 8[1  7  5  4  2]
64: 1[2  3  4  5  6  7] 2[1  7  5  4  8] 3[1  8  4] 4[1  3  8  2  5] 5[1  4  2  7  6] 6[1  5  7] 7[1  6  5  2] 8[2  4  3]
65: 1[2  3  4  5  6] 2[1  7  8] 3[1  8  6  5  4] 4[1  3  5] 5[1  4  3  6] 6[1  5  3  8  7] 7[2  6  8] 8[2  7  6  3]
66: 1[2  3  4  5] 2[1  5  4  6] 3[1  7  8] 4[1  8  6  2  5] 5[1  4  2] 6[2  4  8  7] 7[3  6  8] 8[3  7  6  4]
67: 1[2  3  4  5  6] 2[1  6  7  5  8] 3[1  8  4] 4[1  3  8  5] 5[1  4  8  2  7] 6[1  7  2] 7[2  6  5] 8[2  5  4  3]
68: 1[2  3  4  5] 2[1  5  6  7] 3[1  8  4] 4[1  3  8  7  6] 5[1  6  2] 6[2  5  4  7] 7[2  6  4  8] 8[3  7  4]
69: 1[2  3  4  5  6] 2[1  6  7] 3[1  7  6  5  8] 4[1  8  5] 5[1  4  8  3  6] 6[1  5  3  7  2] 7[2  6  3] 8[3  5  4]
70: 1[2  3  4  5  6] 2[1  6  5  7] 3[1  8  4] 4[1  3  8  7  5] 5[1  4  7  2  6] 6[1  5  2] 7[2  5  4  8] 8[3  7  4]
71: 1[2  3  4  5] 2[1  5  6] 3[1  7  4] 4[1  3  7  8  5] 5[1  4  8  6  2] 6[2  5  8] 7[3  8  4] 8[4  7  6  5]
72: 1[2  3  4  5  6  7] 2[1  7  8] 3[1  8  6  5  4] 4[1  3  5] 5[1  4  3  6] 6[1  5  3  8  7] 7[1  6  8  2] 8[2  7  6  3]
73: 1[2  3  4  5  6] 2[1  7  3] 3[1  2  7  4] 4[1  3  7  8  5] 5[1  4  8  6] 6[1  5  8] 7[2  8  4  3] 8[4  7  6  5]
74: 1[2  3  4  5  6  7] 2[1  7  6  8] 3[1  8  5  4] 4[1  3  5] 5[1  4  3  8  6] 6[1  5  8  2  7] 7[1  6  2] 8[2  6  5  3]
75: 1[2  3  4  5  6] 2[1  6  7] 3[1  7  8  5  4] 4[1  3  5] 5[1  4  3  8] 6[1  8  7  2] 7[2  6  8  3] 8[3  7  6  5]
76: 1[2  3  4  5  6  7] 2[1  7  8  6  3] 3[1  2  6  5  4] 4[1  3  5] 5[1  4  3  6] 6[1  5  3  2  8  7] 7[1  6  8  2] 8[2  7  6]
77: 1[2  3  4  5  6] 2[1  6  7  8] 3[1  8  6  5  4] 4[1  3  5] 5[1  4  3  6] 6[1  5  3  8  7  2] 7[2  6  8] 8[2  7  6  3]
78: 1[2  3  4  5] 2[1  5  4  6] 3[1  6  7  8] 4[1  8  6  2  5] 5[1  4  2] 6[2  4  8  7  3] 7[3  6  8] 8[3  7  6  4]
79: 1[2  3  4  5] 2[1  5  4  6] 3[1  6  7  8] 4[1  8  2  5] 5[1  4  2] 6[2  8  7  3] 7[3  6  8] 8[3  7  6  4]
80: 1[2  3  4  5  6] 2[1  6  7  5  8] 3[1  8  4] 4[1  3  8  5] 5[1  4  8  2  7  6] 6[1  5  7  2] 7[2  6  5] 8[2  5  4  3]
81: 1[2  3  4  5] 2[1  5  6  7] 3[1  8  4] 4[1  3  8  5] 5[1  4  8  7  6  2] 6[2  5  7] 7[2  6  5  8] 8[3  7  5  4]
82: 1[2  3  4  5] 2[1  5  6  7] 3[1  7  8  4] 4[1  3  8  7  6] 5[1  6  2] 6[2  5  4  7] 7[2  6  4  8  3] 8[3  7  4]
83: 1[2  3  4  5] 2[1  6  7  3] 3[1  2  7  8] 4[1  8  5] 5[1  4  8  6] 6[2  5  8  7] 7[2  6  3] 8[3  6  5  4]
84: 1[2  3  4  5  6] 2[1  6  7  3] 3[1  2  7  8] 4[1  8  5] 5[1  4  8  6] 6[1  5  8  7  2] 7[2  6  3] 8[3  6  5  4]
85: 1[2  3  4  5  6] 2[1  6  5  7] 3[1  7  8  4] 4[1  3  8  7  5] 5[1  4  7  2  6] 6[1  5  2] 7[2  5  4  8  3] 8[3  7  4]
86: 1[2  3  4  5  6  7  8] 2[1  8  7  4  3] 3[1  2  4] 4[1  3  2  7  6  5] 5[1  4  6] 6[1  5  4  7] 7[1  6  4  2  8] 8[1  7  2]
87: 1[2  3  4  5  6  7] 2[1  7  8] 3[1  8  4] 4[1  3  8  7  6  5] 5[1  4  6] 6[1  5  4  7] 7[1  6  4  8  2] 8[2  7  4  3]
88: 1[2  3  4  5  6] 2[1  7  8] 3[1  8  4] 4[1  3  8  5] 5[1  4  8  7  6] 6[1  5  7] 7[2  6  5  8] 8[2  7  5  4  3]
89: 1[2  3  4  5  6] 2[1  6  7] 3[1  7  6  8  4] 4[1  3  8] 5[1  8  6] 6[1  5  8  3  7  2] 7[2  6  3] 8[3  6  5  4]
90: 1[2  3  4  5  6] 2[1  6  7] 3[1  7  8  4] 4[1  3  8] 5[1  8  6] 6[1  5  8  7  2] 7[2  6  3] 8[3  6  5  4]
91: 1[2  3  4  5] 2[1  6  7] 3[1  7  4] 4[1  3  7  8  5] 5[1  4  8] 6[2  8  7] 7[2  6  4  3] 8[4  6  5]
92: 1[2  3  4  5] 2[1  6  7] 3[1  7  4] 4[1  3  7  6  8  5] 5[1  4  8] 6[2  8  4  7] 7[2  6  4  3] 8[4  6  5]
93: 1[2  3  4  5  6] 2[1  6  5  7] 3[1  7  8] 4[1  8  5] 5[1  4  8  7  2  6] 6[1  5  2] 7[2  5  8  3] 8[3  7  5  4]
94: 1[2  3  4  5  6] 2[1  6  7] 3[1  7  8] 4[1  8  5] 5[1  4  8  7  6] 6[1  5  2] 7[2  5  8  3] 8[3  7  5  4]
95: 1[2  3  4  5] 2[1  6  7] 3[1  7  4] 4[1  3  7  8] 5[1  8  6] 6[2  5  8  7] 7[2  6  8  4  3] 8[4  7  6  5]
96: 1[2  3  4  5] 2[1  6  7] 3[1  7  4] 4[1  3  8] 5[1  8  6] 6[2  5  8  7] 7[2  6  8  3] 8[4  7  6  5]
97: 1[2  3  4  5  6  7] 2[1  7  8] 3[1  8  4] 4[1  3  8  5] 5[1  4  8  7  6] 6[1  5  7] 7[1  6  5  8  2] 8[2  7  5  4  3]
98: 1[2  3  4  5  6] 2[1  7  8] 3[1  8  7  5  4] 4[1  3  5] 5[1  4  3  7  6] 6[1  5  7] 7[2  6  5  3  8] 8[2  7  3]
99: 1[2  3  4  5] 2[1  6  3] 3[1  2  6  7  4] 4[1  3  7] 5[1  7  8] 6[2  8  7  3] 7[3  6  8  5  4] 8[5  7  6]
100: 1[2  3  4  5  6] 2[1  6  7  8] 3[1  8  4] 4[1  3  8  7  5] 5[1  4  7] 6[1  7  2] 7[2  6  5  4  8] 8[2  7  4  3]
101: 1[2  3  4  5  6  7] 2[1  7  8] 3[1  8  7  5  4] 4[1  3  5] 5[1  4  3  7  6] 6[1  5  7] 7[1  6  5  3  8  2] 8[2  7  3]
102: 1[2  3  4  5  6] 2[1  7  3] 3[1  2  7  5  4] 4[1  3  5] 5[1  4  3  7  8  6] 6[1  5  8] 7[2  8  5  3] 8[5  7  6]
103: 1[2  3  4  5  6  7] 2[1  7  6  8] 3[1  8  4] 4[1  3  8  6  5] 5[1  4  6] 6[1  5  4  8  2  7] 7[1  6  2] 8[2  6  4  3]
104: 1[2  3  4  5  6  7  8] 2[1  8  3] 3[1  2  8  4] 4[1  3  8  6  5] 5[1  4  6] 6[1  5  4  7] 7[1  6  8] 8[1  7  4  3  2]
105: 1[2  3  4  5  6  7] 2[1  7  8] 3[1  8  4] 4[1  3  7  6  5] 5[1  4  6] 6[1  5  4  7] 7[1  6  4  8  2] 8[2  7  3]
106: 1[2  3  4  5  6  7] 2[1  7  8] 3[1  8  4] 4[1  3  6  5] 5[1  4  6] 6[1  5  4  7] 7[1  6  8  2] 8[2  7  3]
107: 1[2  3  4  5  6] 2[1  6  5  7] 3[1  7  8] 4[1  8  5] 5[1  4  7  2  6] 6[1  5  2] 7[2  5  8  3] 8[3  7  4]
108: 1[2  3  4  5  6] 2[1  6  5  7] 3[1  7  8] 4[1  8  5] 5[1  4  2  6] 6[1  5  2] 7[2  8  3] 8[3  7  4]
109: 1[2  3  4  5  6  7] 2[1  7  8] 3[1  8  4] 4[1  3  8  5] 5[1  4  8  7  6] 6[1  5  7] 7[1  6  5  2] 8[2  5  4  3]
110: 1[2  3  4  5  6] 2[1  7  8] 3[1  8  7  5  4] 4[1  3  5] 5[1  4  3  6] 6[1  5  7] 7[2  6  3  8] 8[2  7  3]
111: 1[2  3  4  5] 2[1  6  3] 3[1  2  6  4] 4[1  3  7] 5[1  7  8] 6[2  8  7  3] 7[4  6  8  5] 8[5  7  6]
112: 1[2  3  4  5  6] 2[1  6  7  8] 3[1  8  4] 4[1  3  8  5] 5[1  4  7] 6[1  7  2] 7[2  6  5  8] 8[2  7  4  3]
113: 1[2  3  4  5  6  7] 2[1  7  8] 3[1  8  7  5  4] 4[1  3  5] 5[1  4  3  6] 6[1  5  7] 7[1  6  3  8  2] 8[2  7  3]
114: 1[2  3  4  5  6] 2[1  7  3] 3[1  2  7  4] 4[1  3  5] 5[1  4  7  8  6] 6[1  5  8] 7[2  8  5  3] 8[5  7  6]
115: 1[2  3  4  5  6  7] 2[1  7  6  8] 3[1  8  4] 4[1  3  8  5] 5[1  4  6] 6[1  5  8  2  7] 7[1  6  2] 8[2  6  4  3]
116: 1[2  3  4  5  6  7] 2[1  7  3] 3[1  2  7  8] 4[1  8  5] 5[1  4  8  6] 6[1  5  7] 7[1  6  3  2] 8[3  5  4]
117: 1[2  3  4  5  6] 2[1  6  7] 3[1  8  4] 4[1  3  8  5] 5[1  4  6] 6[1  5  7  2] 7[2  6  8] 8[3  7  4]
118: 1[2  3  4  5  6  7  8] 2[1  8  3] 3[1  2  8  4] 4[1  3  6  5] 5[1  4  6] 6[1  5  4  7] 7[1  6  8] 8[1  7  3  2]
119: 1[2  3  4  5  6  7  8] 2[1  8  3] 3[1  2  8  4] 4[1  3  6  5] 5[1  4  6] 6[1  5  4  8  7] 7[1  6  8] 8[1  7  6  3  2]
120: 1[2  3  4  5  6  7] 2[1  7  8] 3[1  8  4] 4[1  3  8  6  5] 5[1  4  6] 6[1  5  4  7] 7[1  6  8  2] 8[2  7  4  3]
121: 1[2  3  4  5  6] 2[1  7  8] 3[1  8  4] 4[1  3  8  5] 5[1  4  7  6] 6[1  5  7] 7[2  6  5  8] 8[2  7  4  3]
122: 1[2  3  4  5  6] 2[1  6  5  7] 3[1  7  8] 4[1  8  5] 5[1  4  8  2  6] 6[1  5  2] 7[2  8  3] 8[3  7  5  4]
123: 1[2  3  4  5  6  7] 2[1  7  8] 3[1  8  5  4] 4[1  3  5] 5[1  4  3  7  6] 6[1  5  7] 7[1  6  5  8  2] 8[2  7  3]
124: 1[2  3  4  5  6] 2[1  7  3] 3[1  2  7  5  4] 4[1  3  5] 5[1  4  3  8  6] 6[1  5  8] 7[2  8  3] 8[5  7  6]
125: 1[2  3  4  5  6  7  8] 2[1  8  3] 3[1  2  8  5  4] 4[1  3  5] 5[1  4  3  8  6] 6[1  5  7] 7[1  6  8] 8[1  7  5  3  2]
126: 1[2  3  4  5  6  7] 2[1  7  8] 3[1  8  4] 4[1  3  8  7  5] 5[1  4  6] 6[1  5  7] 7[1  6  4  8  2] 8[2  7  4  3]
127: 1[2  3  4  5  6  7] 2[1  7  8] 3[1  8  4] 4[1  3  8  5] 5[1  4  6] 6[1  5  7] 7[1  6  8  2] 8[2  7  4  3]
128: 1[2  3  4  5  6  7] 2[1  7  8] 3[1  8  4] 4[1  3  5] 5[1  4  8  7  6] 6[1  5  7] 7[1  6  5  8  2] 8[2  7  5  3]
129: 1[2  3  4  5  6] 2[1  6  7] 3[1  7  4] 4[1  3  7  8  5] 5[1  4  8] 6[1  8  2] 7[2  8  4  3] 8[4  7  6  5]
130: 1[2  3  4  5  6  7] 2[1  7  6  3] 3[1  2  6  8  5  4] 4[1  3  5] 5[1  4  3  8  6] 6[1  5  8  3  2  7] 7[1  6  2] 8[3  6  5]
131: 1[2  3  4  5  6] 2[1  6  5  7] 3[1  7  4] 4[1  3  7  8  5] 5[1  4  8  7  2  6] 6[1  5  2] 7[2  5  8  4  3] 8[4  7  5]
132: 1[2  3  4  5] 2[1  5  6  7  8] 3[1  8  4] 4[1  3  8  6] 5[1  6  2] 6[2  5  4  8  7] 7[2  6  8] 8[2  7  6  4  3]
133: 1[2  3  4  5  6] 2[1  6  7  8] 3[1  8  7  5  4] 4[1  3  5] 5[1  4  3  7] 6[1  7  2] 7[2  6  5  3  8] 8[2  7  3]
134: 1[2  3  4  5  6] 2[1  6  7  8  3] 3[1  2  8  5  4] 4[1  3  5] 5[1  4  3  7] 6[1  7  2] 7[2  6  5  8] 8[2  7  3]
135: 1[2  3  4  5  6] 2[1  6  5  7  8] 3[1  8  4] 4[1  3  8  5] 5[1  4  8  7  2  6] 6[1  5  2] 7[2  5  8] 8[2  7  5  4  3]
136: 1[2  3  4  5  6  7] 2[1  7  8  3] 3[1  2  8  6  5  4] 4[1  3  5] 5[1  4  3  6] 6[1  5  3  8  7] 7[1  6  2] 8[2  6  3]
137: 1[2  3  4  5  6] 2[1  6  5  7] 3[1  7  4] 4[1  3  8  5] 5[1  4  8  7  2  6] 6[1  5  2] 7[2  5  8  3] 8[4  7  5]
138: 1[2  3  4  5  6] 2[1  6  3] 3[1  2  6  7] 4[1  7  5] 5[1  4  8  6] 6[1  5  8  3  2] 7[3  8  4] 8[5  7  6]
139: 1[2  3  4  5] 2[1  5  6] 3[1  7  4] 4[1  3  8  5] 5[1  4  8  6  2] 6[2  5  7] 7[3  6  8] 8[4  7  5]
140: 1[2  3  4  5] 2[1  5  6  7] 3[1  7  4] 4[1  3  7  8] 5[1  8  2] 6[2  8  7] 7[2  6  4  3] 8[4  6  5]
141: 1[2  3  4  5] 2[1  5  6  7] 3[1  7  4] 4[1  3  7  8] 5[1  8  2] 6[2  8  7] 7[2  6  8  4  3] 8[4  7  6  5]
142: 1[2  3  4  5  6] 2[1  6  7  3] 3[1  2  7  8  4] 4[1  3  5] 5[1  4  8] 6[1  8  2] 7[2  8  3] 8[3  7  6  5]
143: 1[2  3  4  5] 2[1  5  6  7] 3[1  7  4] 4[1  3  8] 5[1  8  2] 6[2  8  7] 7[2  6  8  3] 8[4  7  6  5]
144: 1[2  3  4  5] 2[1  5  6  7] 3[1  7  4] 4[1  3  8] 5[1  8  2] 6[2  8  7] 7[2  6  3] 8[4  6  5]
145: 1[2  3  4  5  6] 2[1  6  7  8] 3[1  8  4] 4[1  3  8  5] 5[1  4  8  7  6] 6[1  5  2] 7[2  5  8] 8[2  7  5  4  3]
146: 1[2  3  4  5  6  7  8] 2[1  8  5  3] 3[1  2  5  4] 4[1  3  5] 5[1  4  3  2  8  7  6] 6[1  5  7] 7[1  6  5  8] 8[1  7  5  2]
147: 1[2  3  4  5  6  7] 2[1  7  5  8] 3[1  8  5  4] 4[1  3  5] 5[1  4  3  8  2  7  6] 6[1  5  7] 7[1  6  5  2] 8[2  5  3]
148: 1[2  3  4  5  6] 2[1  6  7] 3[1  7  4] 4[1  3  7  5] 5[1  4  7  8] 6[1  8  7  2] 7[2  6  8  5  4  3] 8[5  7  6]
149: 1[2  3  4  5  6] 2[1  6  3] 3[1  2  7  8] 4[1  8  7  5] 5[1  4  7] 6[1  7  2] 7[3  6  5  4  8] 8[3  7  4]
150: 1[2  3  4  5  6] 2[1  6  7  3] 3[1  2  8] 4[1  8  7  5] 5[1  4  7] 6[1  7  2] 7[2  6  5  4  8] 8[3  7  4]
151: 1[2  3  4  5] 2[1  6  7] 3[1  7  4] 4[1  3  7  5] 5[1  4  8] 6[2  8  7] 7[2  6  8  4  3] 8[5  7  6]
152: 1[2  3  4  5] 2[1  6  7] 3[1  7  4] 4[1  3  5] 5[1  4  8] 6[2  8  7] 7[2  6  8  3] 8[5  7  6]
153: 1[2  3  4  5  6] 2[1  6  7] 3[1  7  6  8] 4[1  8  6  5] 5[1  4  6] 6[1  5  4  8  3  7  2] 7[2  6  3] 8[3  6  4]
154: 1[2  3  4  5] 2[1  5  6] 3[1  6  7] 4[1  7  6  8] 5[1  8  6  2] 6[2  5  8  4  7  3] 7[3  6  4] 8[4  6  5]
155: 1[2  3  4  5  6] 2[1  6  3] 3[1  2  7  5  8  4] 4[1  3  8] 5[1  8  3  7] 6[1  7  2] 7[3  6  5] 8[3  5  4]
156: 1[2  3  4  5] 2[1  5  6] 3[1  6  7] 4[1  7  6  8] 5[1  8  2] 6[2  8  4  7  3] 7[3  6  4] 8[4  6  5]
157: 1[2  3  4  5  6] 2[1  6  3] 3[1  2  7  8  4] 4[1  3  8] 5[1  8  7] 6[1  7  2] 7[3  6  5] 8[3  5  4]
158: 1[2  3  4  5] 2[1  5  6] 3[1  6  7] 4[1  7  8] 5[1  8  2] 6[2  8  7  3] 7[3  6  4] 8[4  6  5]
159: 1[2  3  4  5  6] 2[1  6  3] 3[1  2  6  7  8  4] 4[1  3  8] 5[1  8  7] 6[1  7  3  2] 7[3  6  5] 8[3  5  4]
160: 1[2  3  4  5] 2[1  5  6] 3[1  6  7] 4[1  7  8] 5[1  8  6  2] 6[2  5  8  7  3] 7[3  6  4] 8[4  6  5]
161: 1[2  3  4  5  6] 2[1  6  5  7] 3[1  8  5  4] 4[1  3  5] 5[1  4  3  8  7  2  6] 6[1  5  2] 7[2  5  8] 8[3  7  5]
162: 1[2  3  4  5  6  7] 2[1  7  3] 3[1  2  6  8] 4[1  8  6  5] 5[1  4  6] 6[1  5  4  8  3  7] 7[1  6  2] 8[3  6  4]
163: 1[2  3  4  5  6  7] 2[1  7  6  3] 3[1  2  8] 4[1  8  6  5] 5[1  4  6] 6[1  5  4  8  2  7] 7[1  6  2] 8[3  6  4]
164: 1[2  3  4  5  6] 2[1  7  3] 3[1  2  7  8  5  4] 4[1  3  5] 5[1  4  3  6] 6[1  5  8] 7[2  8  3] 8[3  7  6]
165: 1[2  3  4  5  6] 2[1  7  3] 3[1  2  7  8  4] 4[1  3  5] 5[1  4  6] 6[1  5  8] 7[2  8  3] 8[3  7  6]
166: 1[2  3  4  5  6  7] 2[1  7  4  8] 3[1  8  4] 4[1  3  8  2  7  6  5] 5[1  4  6] 6[1  5  4  7] 7[1  6  4  2] 8[2  4  3]
167: 1[2  3  4  5  6] 2[1  6  4  7] 3[1  8  4] 4[1  3  8  7  2  6  5] 5[1  4  6] 6[1  5  4  2] 7[2  4  8] 8[3  7  4]
168: 1[2  3  4  5] 2[1  5  4  6] 3[1  7  4] 4[1  3  7  8  6  2  5] 5[1  4  2] 6[2  4  8] 7[3  8  4] 8[4  7  6]
169: 1[2  3  4] 2[1  4  5] 3[1  6  4] 4[1  3  6  7  8  5  2] 5[2  4  8] 6[3  7  4] 7[4  6  8] 8[4  7  5]
170: 1[2  3  4  5  6] 2[1  7  8] 3[1  8  4] 4[1  3  8  5] 5[1  4  8  6] 6[1  5  8  7] 7[2  6  8] 8[2  7  6  5  4  3]
171: 1[2  3  4  5] 2[1  5  6  7] 3[1  8  6] 4[1  6  5] 5[1  4  6  2] 6[2  5  4  3  8  7] 7[2  6  8] 8[3  7  6]
172: 1[2  3  4  5  6] 2[1  6  7  3] 3[1  2  7  8] 4[1  8  7] 5[1  7  6] 6[1  5  2] 7[2  5  4  8  3] 8[3  7  4]
173: 1[2  3  4  5] 2[1  5  6  7] 3[1  8  6] 4[1  6  5] 5[1  4  2] 6[2  4  3  8  7] 7[2  6  8] 8[3  7  6]
174: 1[2  3  4  5  6] 2[1  6  7  3] 3[1  2  7  4] 4[1  3  8] 5[1  8  7] 6[1  7  2] 7[2  6  5  8  3] 8[4  7  5]
175: 1[2  3  4  5  6] 2[1  6  7  3] 3[1  2  4] 4[1  3  8] 5[1  8  7] 6[1  7  2] 7[2  6  5  8] 8[4  7  5]
176: 1[2  3  4  5  6] 2[1  6  3] 3[1  2  4] 4[1  3  7] 5[1  7  8] 6[1  8  2] 7[4  8  5] 8[5  7  6]
177: 1[2  3  4  5  6] 2[1  6  7] 3[1  7  6  4] 4[1  3  6  8] 5[1  8  6] 6[1  5  8  4  3  7  2] 7[2  6  3] 8[4  6  5]
178: 1[2  3  4  5] 2[1  6  4  7] 3[1  8  4] 4[1  3  8  7  2  6  5] 5[1  4  6] 6[2  5  4] 7[2  4  8] 8[3  7  4]
179: 1[2  3  4  5] 2[1  6  7] 3[1  7  8] 4[1  8  7  5] 5[1  4  7  6] 6[2  5  7] 7[2  6  5  4  8  3] 8[3  7  4]
180: 1[2  3  4  5] 2[1  6  7] 3[1  7  8] 4[1  8  7  5] 5[1  4  6] 6[2  5  7] 7[2  6  4  8  3] 8[3  7  4]
181: 1[2  3  4  5] 2[1  6  7] 3[1  7  8] 4[1  8  5] 5[1  4  6] 6[2  5  7] 7[2  6  8  3] 8[3  7  4]
182: 1[2  3  4] 2[1  5  6] 3[1  6  7] 4[1  7  8] 5[2  8  7] 6[2  7  3] 7[3  6  5  8  4] 8[4  7  5]
183: 1[2  3  4  5  6] 2[1  6  4  7] 3[1  7  4] 4[1  3  7  2  8  5] 5[1  4  8] 6[1  8  2] 7[2  4  3] 8[4  6  5]
184: 1[2  3  4  5] 2[1  6  7] 3[1  8  4] 4[1  3  8  7  6  5] 5[1  4  6] 6[2  5  4] 7[2  4  8] 8[3  7  4]
185: 1[2  3  4  5  6] 2[1  7  3] 3[1  2  8] 4[1  8  5] 5[1  4  8  7  6] 6[1  5  7] 7[2  6  5] 8[3  5  4]
186: 1[2  3  4  5  6  7] 2[1  7  3] 3[1  2  6  4] 4[1  3  6  8] 5[1  8  6] 6[1  5  8  4  3  7] 7[1  6  2] 8[4  6  5]
187: 1[2  3  4  5  6] 2[1  6  4  7] 3[1  8  4] 4[1  3  8  7  2  5] 5[1  4  6] 6[1  5  2] 7[2  4  8] 8[3  7  4]
188: 1[2  3  4  5  6  7] 2[1  7  6  3] 3[1  2  6  4] 4[1  3  8] 5[1  8  6] 6[1  5  8  3  2  7] 7[1  6  2] 8[4  6  5]
189: 1[2  3  4  5  6  7] 2[1  7  6  3] 3[1  2  4] 4[1  3  8] 5[1  8  6] 6[1  5  8  2  7] 7[1  6  2] 8[4  6  5]
190: 1[2  3  4  5  6  7] 2[1  7  3] 3[1  2  4] 4[1  3  8] 5[1  8  6] 6[1  5  8  7] 7[1  6  2] 8[4  6  5]
191: 1[2  3  4  5  6  7] 2[1  7  8] 3[1  8  4] 4[1  3  8  5] 5[1  4  8  6] 6[1  5  8  7] 7[1  6  8  2] 8[2  7  6  5  4  3]
192: 1[2  3  4  5  6  7] 2[1  7  8  3] 3[1  2  8  4] 4[1  3  8  5] 5[1  4  8  6] 6[1  5  8  7] 7[1  6  8  2] 8[2  7  6  5  4  3]
193: 1[2  3  4  5  6] 2[1  6  7  8] 3[1  8  7  4] 4[1  3  7  5] 5[1  4  7  6] 6[1  5  7  2] 7[2  6  5  4  3  8] 8[2  7  3]
194: 1[2  3  4  5  6] 2[1  6  7  3] 3[1  2  4] 4[1  3  7  5] 5[1  4  7  8] 6[1  8  7  2] 7[2  6  8  5  4] 8[5  7  6]
195: 1[2  3  4  5  6] 2[1  6  3] 3[1  2  7  4] 4[1  3  7  5] 5[1  4  7  8] 6[1  8  7  2] 7[3  6  8  5  4] 8[5  7  6]
196: 1[2  3  4  5  6] 2[1  6  7  3] 3[1  2  7  8] 4[1  8  5] 5[1  4  7  6] 6[1  5  7  2] 7[2  6  5  8  3] 8[3  7  4]
197: 1[2  3  4  5] 2[1  5  6  7] 3[1  8  4] 4[1  3  6  5] 5[1  4  6  2] 6[2  5  4  8  7] 7[2  6  8] 8[3  7  6]
198: 1[2  3  4  5] 2[1  5  6  7] 3[1  8  4] 4[1  3  5] 5[1  4  6  2] 6[2  5  8  7] 7[2  6  8] 8[3  7  6]
199: 1[2  3  4  5  6  7] 2[1  7  6  8  4  3] 3[1  2  4] 4[1  3  2  8  6  5] 5[1  4  6] 6[1  5  4  8  2  7] 7[1  6  2] 8[2  6  4]
200: 1[2  3  4  5  6] 2[1  6  7] 3[1  7  4] 4[1  3  7  8  6  5] 5[1  4  6] 6[1  5  4  8  7  2] 7[2  6  8  4  3] 8[4  7  6]
201: 1[2  3  4  5  6] 2[1  6  7] 3[1  7  4] 4[1  3  7  8  6  5] 5[1  4  6] 6[1  5  4  8  2] 7[2  8  4  3] 8[4  7  6]
202: 1[2  3  4  5  6] 2[1  6  7] 3[1  7  4] 4[1  3  7  8  5] 5[1  4  6] 6[1  5  8  2] 7[2  8  4  3] 8[4  7  6]
203: 1[2  3  4  5] 2[1  6  7] 3[1  7  4] 4[1  3  8  5] 5[1  4  6] 6[2  5  8  7] 7[2  6  8  3] 8[4  7  6]
204: 1[2  3  4  5] 2[1  5  6] 3[1  6  7] 4[1  7  5] 5[1  4  7  8  6  2] 6[2  5  8  3] 7[3  8  5  4] 8[5  7  6]
205: 1[2  3  4  5] 2[1  5  6] 3[1  6  7] 4[1  7  5] 5[1  4  7  8  2] 6[2  8  3] 7[3  8  5  4] 8[5  7  6]
206: 1[2  3  4  5] 2[1  5  6] 3[1  6  7] 4[1  7  5] 5[1  4  8  2] 6[2  8  3] 7[3  8  4] 8[5  7  6]
207: 1[2  3  4] 2[1  5  6] 3[1  6  7] 4[1  7  5] 5[2  4  8] 6[2  8  3] 7[3  8  4] 8[5  7  6]
208: 1[2  3  4  5  6] 2[1  7  3] 3[1  2  8  5  4] 4[1  3  5] 5[1  4  3  8  6] 6[1  5  7] 7[2  6  8] 8[3  7  5]
209: 1[2  3  4  5  6] 2[1  7  3] 3[1  2  7  8  4] 4[1  3  5] 5[1  4  8  7  6] 6[1  5  7] 7[2  6  5  8  3] 8[3  7  5]
210: 1[2  3  4  5  6  7] 2[1  7  8  4  3] 3[1  2  4] 4[1  3  2  8  5] 5[1  4  8  6] 6[1  5  8  7] 7[1  6  8  2] 8[2  7  6  5  4]
211: 1[2  3  4  5  6] 2[1  6  7  8] 3[1  8  4] 4[1  3  8  7  5] 5[1  4  7  6] 6[1  5  7  2] 7[2  6  5  4  8] 8[2  7  4  3]
212: 1[2  3  4  5] 2[1  6  7] 3[1  7  8  4] 4[1  3  8  5] 5[1  4  8  6] 6[2  5  8  7] 7[2  6  8  3] 8[3  7  6  5  4]
213: 1[2  3  4  5] 2[1  5  6  7] 3[1  8  4] 4[1  3  8  6  5] 5[1  4  6  2] 6[2  5  4  8  7] 7[2  6  8] 8[3  7  6  4]
214: 1[2  3  4  5  6] 2[1  6  7  8] 3[1  8  7  4] 4[1  3  7  6  5] 5[1  4  6] 6[1  5  4  7  2] 7[2  6  4  3  8] 8[2  7  3]
215: 1[2  3  4  5] 2[1  6  7  8] 3[1  8  4] 4[1  3  8  7  5] 5[1  4  7  6] 6[2  5  7] 7[2  6  5  4  8] 8[2  7  4  3]
216: 1[2  3  4  5] 2[1  5  6  7  8  3] 3[1  2  8  4] 4[1  3  8  5] 5[1  4  8  6  2] 6[2  5  8  7] 7[2  6  8] 8[2  7  6  5  4  3]
217: 1[2  3  4  5] 2[1  5  6  7] 3[1  7  8  6  4] 4[1  3  6  5] 5[1  4  6  2] 6[2  5  4  3  8  7] 7[2  6  8  3] 8[3  7  6]
218: 1[2  3  4  5] 2[1  5  6  3] 3[1  2  6  4] 4[1  3  6  7] 5[1  7  8  2] 6[2  8  7  4  3] 7[4  6  8  5] 8[5  7  6]
219: 1[2  3  4  5] 2[1  5  3] 3[1  2  6  4] 4[1  3  6  7] 5[1  7  8  2] 6[3  8  7  4] 7[4  6  8  5] 8[5  7  6]
220: 1[2  3  4  5] 2[1  5  6  3] 3[1  2  6  4] 4[1  3  7] 5[1  7  8  6  2] 6[2  5  8  7  3] 7[4  6  8  5] 8[5  7  6]
221: 1[2  3  4  5] 2[1  5  6  3] 3[1  2  6  4] 4[1  3  6  7  5] 5[1  4  8  6  2] 6[2  5  8  7  4  3] 7[4  6  8] 8[5  7  6]
222: 1[2  3  4  5] 2[1  5  6  3] 3[1  2  6  4] 4[1  3  6  7] 5[1  8  6  2] 6[2  5  8  7  4  3] 7[4  6  8] 8[5  7  6]
223: 1[2  3  4  5] 2[1  5  6  3] 3[1  2  6  4] 4[1  3  6  7  5] 5[1  4  8  2] 6[2  8  7  4  3] 7[4  6  8] 8[5  7  6]
224: 1[2  3  4  5] 2[1  5  3] 3[1  2  6  4] 4[1  3  6  7  5] 5[1  4  8  2] 6[3  8  7  4] 7[4  6  8] 8[5  7  6]
225: 1[2  3  4  5] 2[1  5  6  3] 3[1  2  6  4] 4[1  3  7  5] 5[1  4  8  2] 6[2  8  7  3] 7[4  6  8] 8[5  7  6]
226: 1[2  3  4  5] 2[1  5  6  3] 3[1  2  6  4] 4[1  3  6  7  5] 5[1  4  7  8  2] 6[2  8  7  4  3] 7[4  6  8  5] 8[5  7  6]
227: 1[2  3  4  5] 2[1  5  6  3] 3[1  2  6  7  4] 4[1  3  7  6  8  5] 5[1  4  8  6  2] 6[2  5  8  4  7  3] 7[3  6  4] 8[4  6  5]
228: 1[2  3  4  5] 2[1  5  6  3] 3[1  2  6  7  8  4] 4[1  3  8  7  5] 5[1  4  7  2] 6[2  7  3] 7[3  6  5  4  8] 8[3  7  4]
229: 1[2  3  4  5] 2[1  5  6  3] 3[1  2  6  7  4] 4[1  3  7  8  5] 5[1  4  8  2] 6[2  8  3] 7[3  8  4] 8[4  7  6  5]
230: 1[2  3  4  5] 2[1  5  6  3] 3[1  2  6  7] 4[1  7  8  5] 5[1  4  8  2] 6[2  8  3] 7[3  8  4] 8[4  7  6  5]
231: 1[2  3  4  5] 2[1  5  6] 3[1  6  7  4] 4[1  3  7  8  5] 5[1  4  8  2] 6[2  8  3] 7[3  8  4] 8[4  7  6  5]
232: 1[2  3  4  5] 2[1  6  7  8  3] 3[1  2  8  7  4] 4[1  3  7  5] 5[1  4  6] 6[2  5  7] 7[2  6  4  3  8] 8[2  7  3]
233: 1[2  3  4  5] 2[1  5  6  7  8  3] 3[1  2  8  4] 4[1  3  7  5] 5[1  4  6  2] 6[2  5  7] 7[2  6  4  8] 8[2  7  3]
234: 1[2  3  4] 2[1  4  5  6] 3[1  6  7  4] 4[1  3  8  2] 5[2  8  6] 6[2  5  8  7  3] 7[3  6  8] 8[4  7  6  5]
235: 1[2  3  4  5] 2[1  5  6  3] 3[1  2  6  7  4] 4[1  3  7  5] 5[1  4  8  2] 6[2  8  3] 7[3  8  4] 8[5  7  6]
236: 1[2  3  4  5] 2[1  5  6  3] 3[1  2  6  7] 4[1  7  5] 5[1  4  8  2] 6[2  8  3] 7[3  8  4] 8[5  7  6]
237: 1[2  3  4  5] 2[1  5  6] 3[1  6  7  8  4] 4[1  3  8  5] 5[1  4  7  2] 6[2  7  3] 7[3  6  5  8] 8[3  7  4]
238: 1[2  3  4] 2[1  5  6  3] 3[1  2  7  4] 4[1  3  8] 5[2  8  7  6] 6[2  5  7] 7[3  6  5  8] 8[4  7  5]
239: 1[2  3  4] 2[1  5  3] 3[1  2  6  4] 4[1  3  7] 5[2  8  6] 6[3  5  8  7] 7[4  6  8] 8[5  7  6]
240: 1[2  3  4  5] 2[1  6  3] 3[1  2  7  4] 4[1  3  8] 5[1  8  7  6] 6[2  5  7] 7[3  6  5  8] 8[4  7  5]
241: 1[2  3  4  5] 2[1  6  7  3] 3[1  2  7  4] 4[1  3  8  5] 5[1  4  8  7  6] 6[2  5  7] 7[2  6  5  8  3] 8[4  7  5]
242: 1[2  3  4  5] 2[1  5  6  7  3] 3[1  2  7  8  4] 4[1  3  8  6  5] 5[1  4  6  2] 6[2  5  4  8  7] 7[2  6  3] 8[3  6  4]
243: 1[2  3  4  5] 2[1  5  6  7  3] 3[1  2  7  8  4] 4[1  3  8  7  5] 5[1  4  7  6  2] 6[2  5  7] 7[2  6  5  4  8  3] 8[3  7  4]
244: 1[2  3  4  5] 2[1  6  7  3] 3[1  2  7  8  4] 4[1  3  8  7  5] 5[1  4  7  6] 6[2  5  7] 7[2  6  5  4  8  3] 8[3  7  4]
245: 1[2  3  4  5] 2[1  6  7  3] 3[1  2  8  4] 4[1  3  8  7  5] 5[1  4  7  6] 6[2  5  7] 7[2  6  5  4  8] 8[3  7  4]
246: 1[2  3  4  5] 2[1  6  7  3] 3[1  2  8  4] 4[1  3  8  5] 5[1  4  7  6] 6[2  5  7] 7[2  6  5  8] 8[3  7  4]
247: 1[2  3  4  5] 2[1  6  3] 3[1  2  7  8  4] 4[1  3  8  7  5] 5[1  4  7  6] 6[2  5  7] 7[3  6  5  4  8] 8[3  7  4]
248: 1[2  3  4  5] 2[1  6  3] 3[1  2  7  4] 4[1  3  7  8  5] 5[1  4  8  6] 6[2  5  8] 7[3  8  4] 8[4  7  6  5]
249: 1[2  3  4  5] 2[1  6  7  3] 3[1  2  7  8] 4[1  8  7  5] 5[1  4  7  6] 6[2  5  7] 7[2  6  5  4  8  3] 8[3  7  4]
250: 1[2  3  4  5] 2[1  6  7  3] 3[1  2  8] 4[1  8  7  5] 5[1  4  7  6] 6[2  5  7] 7[2  6  5  4  8] 8[3  7  4]
251: 1[2  3  4  5] 2[1  6  3] 3[1  2  7] 4[1  7  8  5] 5[1  4  8  6] 6[2  5  8] 7[3  8  4] 8[4  7  6  5]
252: 1[2  3  4  5] 2[1  6  7  3] 3[1  2  8] 4[1  8  7  5] 5[1  4  6] 6[2  5  7] 7[2  6  4  8] 8[3  7  4]
253: 1[2  3  4  5] 2[1  5  6  7  3] 3[1  2  7  6  4] 4[1  3  6  8  5] 5[1  4  8  2] 6[2  8  4  3  7] 7[2  6  3] 8[4  6  5]
254: 1[2  3  4  5  6] 2[1  6  7  8  3] 3[1  2  8  7  4] 4[1  3  7  6  5] 5[1  4  6] 6[1  5  4  7  2] 7[2  6  4  3  8] 8[2  7  3]
255: 1[2  3  4  5] 2[1  5  6  7  3] 3[1  2  7  8  4] 4[1  3  8  6  5] 5[1  4  6  2] 6[2  5  4  8  7] 7[2  6  8  3] 8[3  7  6  4]
256: 1[2  3  4  5] 2[1  5  6  3] 3[1  2  6  7  4] 4[1  3  7  8  5] 5[1  4  8  2] 6[2  8  7  3] 7[3  6  8  4] 8[4  7  6  5]
257: 1[2  3  4  5] 2[1  5  6  3] 3[1  2  6  7] 4[1  7  8  5] 5[1  4  8  2] 6[2  8  7  3] 7[3  6  8  4] 8[4  7  6  5]
