1: 1[2  3  4  5  6  7] 2[1  7  6  3] 3[1  2  6  5  4] 4[1  3  5] 5[1  4  3  6] 6[1  5  3  2  7] 7[1  6  2]
2: 1[2  3  4  5  6] 2[1  6  7] 3[1  7  6  5  4] 4[1  3  5] 5[1  4  3  6] 6[1  5  3  7  2] 7[2  6  3]
3: 1[2  3  4  5] 2[1  6  3] 3[1  2  6  4] 4[1  3  6  7  5] 5[1  4  7] 6[2  7  4  3] 7[4  6  5]
4: 1[2  3  4  5  6] 2[1  6  5  7] 3[1  7  4] 4[1  3  7  5] 5[1  4  7  2  6] 6[1  5  2] 7[2  5  4  3]
5: 1[2  3  4  5] 2[1  5  6  7] 3[1  7  4] 4[1  3  7  6] 5[1  6  2] 6[2  5  4  7] 7[2  6  4  3]
6: 1[2  3  4  5  6  7] 2[1  7  6  3] 3[1  2  5  4] 4[1  3  5] 5[1  4  3  6] 6[1  5  2  7] 7[1  6  2]
7: 1[2  3  4  5  6] 2[1  6  7] 3[1  7  5  4] 4[1  3  5] 5[1  4  3  6] 6[1  5  7  2] 7[2  6  3]
8: 1[2  3  4  5] 2[1  6  3] 3[1  2  6  4] 4[1  3  7  5] 5[1  4  7] 6[2  7  3] 7[4  6  5]
9: 1[2  3  4  5] 2[1  5  4  6] 3[1  6  7] 4[1  7  2  5] 5[1  4  2] 6[2  7  3] 7[3  6  4]
10: 1[2  3  4  5  6  7] 2[1  7  4  3] 3[1  2  4] 4[1  3  2  7  6  5] 5[1  4  6] 6[1  5  4  7] 7[1  6  4  2]
11: 1[2  3  4  5  6] 2[1  6  4  7] 3[1  7  4] 4[1  3  7  2  6  5] 5[1  4  6] 6[1  5  4  2] 7[2  4  3]
12: 1[2  3  4  5] 2[1  6  7] 3[1  7  4] 4[1  3  7  5] 5[1  4  7  6] 6[2  5  7] 7[2  6  5  4  3]
13: 1[2  3  4  5] 2[1  6  7] 3[1  7  4] 4[1  3  7  5] 5[1  4  6] 6[2  5  7] 7[2  6  4  3]
14: 1[2  3  4  5] 2[1  6  7] 3[1  7  4] 4[1  3  5] 5[1  4  6] 6[2  5  7] 7[2  6  3]
15: 1[2  3  4  5] 2[1  6  7] 3[1  7  4] 4[1  3  5] 5[1  4  7  6] 6[2  5  7] 7[2  6  5  3]
16: 1[2  3  4  5] 2[1  5  6] 3[1  6  5  7] 4[1  7  5] 5[1  4  7  3  6  2] 6[2  5  3] 7[3  5  4]
17: 1[2  3  4] 2[1  5  6] 3[1  6  7] 4[1  7  6  5] 5[2  4  6] 6[2  5  4  7  3] 7[3  6  4]
18: 1[2  3  4] 2[1  5  6] 3[1  6  7] 4[1  7  5] 5[2  4  6] 6[2  5  7  3] 7[3  6  4]
19: 1[2  3  4  5] 2[1  5  4  6] 3[1  7  4] 4[1  3  7  6  2  5] 5[1  4  2] 6[2  4  7] 7[3  6  4]
20: 1[2  3  4] 2[1  4  5] 3[1  6  4] 4[1  3  6  7  5  2] 5[2  4  7] 6[3  7  4] 7[4  6  5]
21: 1[2  3  4  5  6] 2[1  6  3] 3[1  2  4] 4[1  3  6  7] 5[1  7  6] 6[1  5  7  4  2] 7[4  6  5]
22: 1[2  3  4  5  6] 2[1  6  5  3] 3[1  2  7] 4[1  7  5] 5[1  4  7  2  6] 6[1  5  2] 7[3  5  4]
23: 1[2  3  4  5  6] 2[1  6  3] 3[1  2  7] 4[1  7  5] 5[1  4  7  6] 6[1  5  2] 7[3  5  4]
24: 1[2  3  4  5  6] 2[1  6  7] 3[1  7  4] 4[1  3  7  5] 5[1  4  7  6] 6[1  5  7  2] 7[2  6  5  4  3]
25: 1[2  3  4  5  6] 2[1  6  5  7] 3[1  7  5  4] 4[1  3  5] 5[1  4  3  7  2  6] 6[1  5  2] 7[2  5  3]
26: 1[2  3  4  5] 2[1  5  6] 3[1  6  4] 4[1  3  6  7] 5[1  7  6  2] 6[2  5  7  4  3] 7[4  6  5]
27: 1[2  3  4  5  6  7] 2[1  7  6  4  3] 3[1  2  4] 4[1  3  2  6  5] 5[1  4  6] 6[1  5  4  2  7] 7[1  6  2]
28: 1[2  3  4  5  6] 2[1  6  7] 3[1  7  4] 4[1  3  7  6  5] 5[1  4  6] 6[1  5  4  7  2] 7[2  6  4  3]
29: 1[2  3  4  5] 2[1  6  7] 3[1  7  4] 4[1  3  7  6  5] 5[1  4  6] 6[2  5  4  7] 7[2  6  4  3]
30: 1[2  3  4] 2[1  5  6] 3[1  6  7] 4[1  7  5] 5[2  4  7  6] 6[2  5  7  3] 7[3  6  5  4]
31: 1[2  3  4  5  6] 2[1  6  7  3] 3[1  2  7  4] 4[1  3  7  5] 5[1  4  7  6] 6[1  5  7  2] 7[2  6  5  4  3]
32: 1[2  3  4  5] 2[1  5  6  7  3] 3[1  2  7  4] 4[1  3  7  5] 5[1  4  7  6  2] 6[2  5  7] 7[2  6  5  4  3]
33: 1[2  3  4  5] 2[1  6  7  3] 3[1  2  7  4] 4[1  3  7  5] 5[1  4  7  6] 6[2  5  7] 7[2  6  5  4  3]
34: 1[2  3  4  5] 2[1  6  7  3] 3[1  2  7  4] 4[1  3  7  5] 5[1  4  6] 6[2  5  7] 7[2  6  4  3]
