0;$\mathfrak{0}$
1;$\mathfrak{1}$
2;$z \rho$
3;$z \rho$
2,1;$z \rho$
4;$z \rho$
2,2;$z \rho$
2,1,1;$z \rho$
3,1;$z \rho$
5;$z \rho$
2,3;$z \rho$
2,1,2;$z \rho$
3,2;$z \rho$
3,1,1;$z \rho$
2,1,1,1;$z \rho$
2,2,1;$z \rho$
4,1;$z \rho$
3,(-2,0);$x$
3,(2,0);$x$
2,1,(2,0);$x$
6;$z \rho$
2,4;$z \rho$
2,1,3;$z \rho$
3,3;$z \rho$
3,1,2;$z \rho$
2,1,1,2;$z \rho$
2,2,2;$z \rho$
4,2;$z \rho$
4,1,1;$z \rho$
2,2,1,1;$z \rho$
2,1,1,1,1;$z \rho$
3,1,1,1;$z \rho$
3,2,1;$z \rho$
2,1,2,1;$z \rho$
2,3,1;$z \rho$
5,1;$z \rho$
2,2,(-2,0);$x$
3,(-2,0),-1;$z$
3,(2,0),-1;$z$
3,(-2,-1,0);$z \rho$
3,(2,0),1;$z$
2,1,(2,1);$x$
2,1,(2,0),1;$z$
3,(2,1);$x$
3,(3,0);$z \rho$
2,1,(2,1,0);$z \rho$
2,2,(2,0);$x$
2,1,1,(2,0);$x$
3,(2,1,0);$x$
3,(-3,0);$\overline{zx}$
7;$z \rho$
2,5;$z \rho$
2,1,4;$z \rho$
3,4;$z \rho$
3,1,3;$z \rho$
2,1,1,3;$z \rho$
2,2,3;$z \rho$
4,3;$z \rho$
4,1,2;$z \rho$
2,2,1,2;$z \rho$
2,1,1,1,2;$z \rho$
3,1,1,2;$z \rho$
3,2,2;$z \rho$
2,1,2,2;$z \rho$
2,3,2;$z \rho$
5,2;$z \rho$
5,1,1;$z \rho$
2,3,1,1;$z \rho$
2,1,2,1,1;$z \rho$
3,2,1,1;$z \rho$
3,1,1,1,1;$z \rho$
2,1,1,1,1,1;$z \rho$
2,2,1,1,1;$z \rho$
4,1,1,1;$z \rho$
4,2,1;$z \rho$
2,2,2,1;$z \rho$
2,1,1,2,1;$z \rho$
3,1,2,1;$z \rho$
3,3,1;$z \rho$
2,1,3,1;$z \rho$
2,4,1;$z \rho$
6,1;$z \rho$
3,(-2,-2,0);$x$
3,2,(-2,0);$x$
4,(-3,0);$x$
2,2,(-2,0),-1;$z$
2,2,(2,0),-1;$z$
3,(-2,0),-2;$y$
3,(-2,0),(-2,0);$e$
3,(-2,0),(2,0);$e$
2,3,(-2,0);$x$
3,(-2,-1,0),-1;$z \rho$
3,(-2,0),2;$y$
3,(-2,-1,-1,0);$x$
5,(-2,0);$x$
3,(2,0),2;$y$
2,1,(2,2);$x$
2,1,(2,0),2;$y$
3,(2,2);$x$
2,1,(2,0),(-2,0);$e$
3,(3,0),1;$z \rho$
4,(-2,-1,0);$x$
2,1,(2,1,1);$z \rho$
2,2,(2,0),1;$z$
2,1,1,(2,1);$x$
3,(3,0),-1;$z \rho$
3,(2,1,1);$x$
3,(2,1,0),1;$z$
2,1,1,(2,0),1;$z$
2,2,(2,1);$x$
2,1,(2,1,0),1;$z \rho$
4,(3,0);$x$
3,(2,0),(2,0);$e$
3,(3,1);$z \rho$
3,(2,1),1;$z$
2,1,(2,0),1,1;$y$
2,1,(2,1),1;$z$
3,(2,0),1,1;$y$
5,(2,0);$x$
3,(2,0),(-2,0);$e$
3,1,(2,1,0);$x$
3,(2,2,0);$x$
2,1,(2,0),(2,0);$e$
4,1,(2,0);$x$
2,3,(2,0);$x$
2,1,1,(2,1,0);$x$
3,(2,0),-2;$y$
2,2,1,(2,0);$x$
2,1,(2,0),-2;$y$
4,(2,1,0);$x$
3,1,(3,0);$x$
3,2,(2,0);$x$
3,(2,1,1,0);$x$
3,1,1,(2,0);$x$
2,2,(2,1,0);$x$
3,(-3,0),1;$z$
8;$z \rho$
2,6;$z \rho$
2,1,5;$z \rho$
3,5;$z \rho$
3,1,4;$z \rho$
2,1,1,4;$z \rho$
2,2,4;$z \rho$
4,4;$z \rho$
4,1,3;$z \rho$
2,2,1,3;$z \rho$
2,1,1,1,3;$z \rho$
3,1,1,3;$z \rho$
3,2,3;$z \rho$
2,1,2,3;$z \rho$
2,3,3;$z \rho$
5,3;$z \rho$
5,1,2;$z \rho$
2,3,1,2;$z \rho$
2,1,2,1,2;$z \rho$
3,2,1,2;$z \rho$
3,1,1,1,2;$z \rho$
2,1,1,1,1,2;$z \rho$
2,2,1,1,2;$z \rho$
4,1,1,2;$z \rho$
4,2,2;$z \rho$
2,2,2,2;$z \rho$
2,1,1,2,2;$z \rho$
3,1,2,2;$z \rho$
3,3,2;$z \rho$
2,1,3,2;$z \rho$
2,4,2;$z \rho$
6,2;$z \rho$
6,1,1;$z \rho$
2,4,1,1;$z \rho$
2,1,3,1,1;$z \rho$
3,3,1,1;$z \rho$
3,1,2,1,1;$z \rho$
2,1,1,2,1,1;$z \rho$
2,2,2,1,1;$z \rho$
4,2,1,1;$z \rho$
4,1,1,1,1;$z \rho$
2,2,1,1,1,1;$z \rho$
2,1,1,1,1,1,1;$z \rho$
3,1,1,1,1,1;$z \rho$
3,2,1,1,1;$z \rho$
2,1,2,1,1,1;$z \rho$
2,3,1,1,1;$z \rho$
5,1,1,1;$z \rho$
5,2,1;$z \rho$
2,3,2,1;$z \rho$
2,1,2,2,1;$z \rho$
3,2,2,1;$z \rho$
3,1,1,2,1;$z \rho$
2,1,1,1,2,1;$z \rho$
2,2,1,2,1;$z \rho$
4,1,2,1;$z \rho$
4,3,1;$z \rho$
2,2,3,1;$z \rho$
2,1,1,3,1;$z \rho$
3,1,3,1;$z \rho$
3,4,1;$z \rho$
2,1,4,1;$z \rho$
2,5,1;$z \rho$
7,1;$z \rho$
2,1,(2,1),(-2,0);$e$
3,(-2,-1,-2,0);$x$
3,(2,1),(-2,0);$e$
3,(-2,-3,0);$x$
4,2,(-2,0);$x$
3,(-2,-2,0),-1;$z$
3,2,(-2,0),-1;$z$
3,(-2,-2,0),1;$z$
3,2,(2,0),-1;$z$
4,(-3,0),-1;$z$
2,2,(-2,0),-2;$y$
4,(-3,0),1;$z$
3,2,(-3,0);$x$
2,2,(-2,0),(-2,0);$e$
2,2,(-2,0),(2,0);$e$
3,(-2,0),-3;$z$
2,1,1,2,(-2,0);$x$
2,2,(-2,0),2;$y$
5,(-3,0);$x$
3,(-2,0),(-2,-1);$e$
3,1,2,(-2,0);$x$
4,(-2,-2,0);$x$
3,(-2,0),(-2,-1,0);$e$
3,(-2,0),(-3,0);$e$
2,3,(-2,0),-1;$z$
3,(-2,0),(3,0);$e$
3,(-2,0),(2,1,0);$e$
2,1,(2,0),(-2,-1,0);$e$
3,(-2,-1,0),-2;$z \rho$
2,2,(-2,-1,-1,0);$z \rho$
3,(-2,-1,-1,0),-1;$z$
3,(-2,0),(2,1);$e$
2,1,3,(-2,0);$x$
5,(-2,0),-1;$z$
3,2,(-2,-1,0);$x$
3,(2,0),3;$z$
2,1,(2,3);$x$
2,1,(2,0),3;$z$
3,(2,3);$x$
2,1,(2,0),(2,0),-1;$e$
2,3,(2,0),-1;$z$
2,4,(-2,0);$x$
3,(3,0),2;$z \rho$
3,(-2,-1,0),(-2,0);$x$
3,(-2,-1,-1,-1,0);$x$
4,(-2,-1,0),-1;$z$
2,1,(2,1,2);$z \rho$
3,(2,0),(-2,-1);$e$
2,2,(2,0),2;$y$
2,1,1,(2,2);$x$
3,(2,1,0),2;$y$
3,(2,1,2);$x$
3,(-2,0),3;$z$
2,1,1,(2,0),2;$y$
2,2,(2,2);$x$
4,(-2,-1,-1,0);$x$
2,1,(2,1,0),2;$z \rho$
3,(2,2,0),-1;$z$
4,(3,0),1;$z$
3,(2,0),(2,1);$e$
3,(3,2);$z \rho$
3,(-2,-2,-1,0);$x$
3,(2,1),2;$y$
2,1,(2,0),1,2;$z$
3,(-2,-1,0),(2,0);$x$
2,1,(2,1),2;$y$
3,(2,0),1,2;$z$
2,1,1,(2,0),(-2,0);$e$
5,(2,0),1;$z$
3,(2,0),(2,0),-1;$e$
3,1,(2,1,1);$x$
3,(2,2,0),1;$z$
2,1,(2,0),(2,1);$e$
5,(2,0),-1;$z$
3,(2,0),(-2,0),-1;$e$
4,1,(2,1);$x$
2,3,(2,0),1;$z$
2,1,1,(2,1,1);$x$
3,(2,0),-2,-1,0;$x$
2,2,1,(2,1);$x$
5,(-2,-1,0);$x$
2,1,(2,0),-3;$z$
4,(2,1,0),1;$z$
3,1,(3,1);$x$
3,2,(2,0),1;$z$
3,1,1,(2,1);$x$
3,(2,1,1,0),1;$z$
2,2,(2,1,1);$x$
3,(3,0),-2;$z \rho$
3,(2,1,0),(-2,0);$e$
2,2,(2,1,0),1;$z$
3,(2,1,1,1);$x$
3,1,1,(2,0),1;$z$
3,2,(2,1);$x$
3,1,(3,0),1;$z$
4,(2,1,1);$x$
2,1,(2,0),(-3,0);$e$
2,1,(2,0),-2,-1,0;$x$
5,(3,0);$x$
3,(2,0),(-2,-1,0);$e$
3,(2,0),(2,1,0);$e$
2,2,1,(2,0),1;$z$
3,(2,0),-3;$z$
2,1,(2,0),(-2,0),-1;$e$
2,1,1,(2,1,0),1;$z$
2,3,(2,1);$x$
4,1,(2,0),1;$z$
2,1,(2,0),(2,0),1;$e$
3,(2,2,1);$x$
3,1,(2,1,0),1;$z$
5,(2,1);$x$
3,(2,0),1,1,1;$x$
2,1,(2,1),1,1;$y$
2,1,(2,0),1,1,1;$x$
3,(2,1),1,1;$y$
2,2,(2,0),(-2,0);$e$
3,(2,3,0);$x$
2,2,(2,0),(2,0);$e$
3,(3,1),1;$z \rho$
3,(2,0),(2,0),1;$e$
4,(3,1);$x$
2,1,(2,1,0),1,1;$z \rho$
2,1,(2,0),(-2,-1);$e$
4,(2,2,0);$x$
3,(2,0),(3,0);$e$
2,2,(2,1),1;$z$
2,1,1,(2,0),1,1;$y$
2,1,(2,0),(2,1,0);$e$
3,(2,1,0),1,1;$y$
3,(2,1,1),1;$z$
3,(2,1,0),(2,0);$e$
2,1,1,(2,1),1;$z$
2,2,(2,0),1,1;$y$
4,1,(2,1,0);$x$
2,1,(2,1,1),1;$z \rho$
3,(2,1,2,0);$x$
2,1,1,(2,0),(2,0);$e$
3,(3,0),1,1;$z \rho$
4,(3,0),-1;$z$
2,4,(2,0);$x$
2,2,1,(2,1,0);$x$
3,(2,2),1;$z$
3,1,(2,1,1,0);$x$
2,1,(2,0),2,1;$x$
3,(-2,0),2,1;$x$
2,1,(2,2),1;$z$
3,(2,0),2,1;$x$
3,2,(3,0);$x$
2,1,3,(2,0);$x$
2,1,1,1,(2,1,0);$x$
2,3,1,(2,0);$x$
2,1,(2,1,0),-2;$z \rho$
2,2,(2,2,0);$z \rho$
3,1,1,(2,1,0);$x$
2,1,2,1,(2,0);$x$
3,(-2,0),(2,0),1;$e$
2,1,1,(2,1,1,0);$z \rho$
2,1,(2,0),(3,0);$e$
3,(-2,0),(2,0),-1;$e$
4,(2,1,1,0);$x$
3,1,2,(2,0);$x$
5,(2,1,0);$x$
3,(-2,0),(-2,0),-1;$e$
3,(2,0),(-3,0);$e$
3,1,(2,2,0);$x$
3,1,1,1,(2,0);$x$
4,1,(3,0);$x$
2,1,1,2,(2,0);$x$
2,2,(2,0),-2;$y$
2,(-3,0),2,1;$x$
2,1,1,1,1,(2,0);$x$
3,1,1,(3,0);$x$
3,2,(2,1,0);$x$
2,1,1,(2,0),-2;$y$
4,2,(2,0);$x$
4,1,1,(2,0);$x$
2,3,(2,1,0);$x$
3,(2,2,1,0);$x$
3,(2,0),1,(2,0);$e$
3,(2,1),(2,0);$e$
3,(2,1,1,1,0);$x$
2,1,2,(2,1,0);$x$
2,1,(2,1),(2,0);$e$
2,1,(2,0),1,(2,0);$e$
3,(3,0),-1,-1,0;$z \rho$
3,(2,1,0),-2;$y$
2,2,(2,1,1,0);$x$
2,2,(-2,-2,0);$\overline{zx}$
3,(-3,0),2;$y$
3,(2,(-2,-1,0));$z \rho$
3,(3,(-2,0));$x$
3,(2,(-3,0));$x$
3,(2,1,(-2,0));$x$
3,(-3,(-2,0));$x$
2,1,(2,(2,1,0));$z \rho$
2,1,(2,1,(2,0));$x$
3,(2,(2,1,0));$x$
3,(2,1,(2,0));$x$
2,1,(3,(2,0));$x$
3,(-2,(-2,-1,0));$z \rho$
3,(-2,-1,(-2,0));$x$
3,(2,(3,0));$z \rho$
3,(3,(2,0));$x$