# 312 diagrams in pd notation
X[0,1,2,3],X[4,2,5,6],X[0,3,6,5],V[1],V[4]
X[0,1,2,3],X[4,5,1,6],X[3,2,4,6],V[0],V[5]
X[0,1,2,3],X[4,1,5,6],X[5,3,2,6],V[0],V[4]
X[0,1,2,3],X[4,5,2,6],X[0,3,4,6],V[1],V[5]
X[0,1,2,3],X[4,2,5,6],X[5,0,3,6],V[1],V[4]
X[0,1,2,3],X[4,5,1,6],X[6,3,2,4],V[0],V[5]
X[0,1,2,3],X[2,4,5,6],X[0,3,6,5],V[1],V[4]
X[0,1,2,3],X[4,1,5,6],X[3,2,4,6],V[0],V[5]
X[0,1,2,3],X[1,4,5,6],X[5,3,2,6],V[0],V[4]
X[0,1,2,3],X[4,2,5,6],X[0,3,4,6],V[1],V[5]
X[0,1,2,3],X[2,4,5,6],X[5,0,3,6],V[1],V[4]
X[0,1,2,3],X[4,1,5,6],X[6,3,2,4],V[0],V[5]
X[0,1,2,3],X[2,4,5,6],X[0,3,6,4],V[1],V[5]
X[0,1,2,3],X[1,4,5,6],X[4,3,2,6],V[0],V[5]
X[0,1,2,3],X[4,2,5,6],X[0,3,4,5],V[1],V[6]
X[0,1,2,3],X[4,1,5,6],X[5,3,2,4],V[0],V[6]
X[0,1,2,3],X[4,1,5,6],X[0,3,6,5],V[2],V[4]
X[0,1,2,3],X[4,5,0,6],X[3,2,4,6],V[1],V[5]
X[0,1,2,3],X[4,0,5,6],X[5,3,2,6],V[1],V[4]
X[0,1,2,3],X[4,5,1,6],X[0,3,4,6],V[2],V[5]
X[0,1,2,3],X[4,1,5,6],X[5,0,3,6],V[2],V[4]
X[0,1,2,3],X[4,5,0,6],X[6,3,2,4],V[1],V[5]
X[0,1,2,3],X[1,4,5,6],X[0,3,6,5],V[2],V[4]
X[0,1,2,3],X[4,0,5,6],X[3,2,4,6],V[1],V[5]
X[0,1,2,3],X[0,4,5,6],X[5,3,2,6],V[1],V[4]
X[0,1,2,3],X[4,1,5,6],X[0,3,4,6],V[2],V[5]
X[0,1,2,3],X[1,4,5,6],X[5,0,3,6],V[2],V[4]
X[0,1,2,3],X[4,0,5,6],X[6,3,2,4],V[1],V[5]
X[0,1,2,3],X[1,4,5,6],X[0,3,6,4],V[2],V[5]
X[0,1,2,3],X[0,4,5,6],X[4,3,2,6],V[1],V[5]
X[0,1,2,3],X[4,1,5,6],X[0,3,4,5],V[2],V[6]
X[0,1,2,3],X[4,0,5,6],X[5,3,2,4],V[1],V[6]
X[0,1,2,3],X[4,5,0,6],X[3,1,4,6],V[2],V[5]
X[0,1,2,3],X[4,0,5,6],X[5,3,1,6],V[2],V[4]
X[0,1,2,3],X[4,5,1,6],X[0,2,4,6],V[3],V[5]
X[0,1,2,3],X[4,1,5,6],X[5,0,2,6],V[3],V[4]
X[0,1,2,3],X[4,0,5,6],X[3,1,4,6],V[2],V[5]
X[0,1,2,3],X[0,4,5,6],X[5,3,1,6],V[2],V[4]
X[0,1,2,3],X[4,1,5,6],X[0,2,4,6],V[3],V[5]
X[0,1,2,3],X[1,4,5,6],X[5,0,2,6],V[3],V[4]
X[0,1,2,3],X[4,2,5,6],X[0,3,7,8],X[6,5,8,7],V[1],V[4]
X[0,1,2,3],X[4,5,1,6],X[3,2,7,8],X[4,6,8,7],V[0],V[5]
X[0,1,2,3],X[4,1,5,6],X[7,3,2,8],X[6,5,7,8],V[0],V[4]
X[0,1,2,3],X[4,1,5,6],X[3,2,7,8],X[7,6,5,8],V[0],V[4]
X[0,1,2,3],X[4,5,2,6],X[0,3,7,8],X[4,6,8,7],V[1],V[5]
X[0,1,2,3],X[4,2,5,6],X[7,0,3,8],X[6,5,7,8],V[1],V[4]
X[0,1,2,3],X[4,2,5,6],X[0,3,7,8],X[7,6,5,8],V[1],V[4]
X[0,1,2,3],X[4,5,1,6],X[7,3,2,8],X[4,6,7,8],V[0],V[5]
X[0,1,2,3],X[4,5,1,6],X[3,2,7,8],X[7,4,6,8],V[0],V[5]
X[0,1,2,3],X[4,1,5,6],X[7,3,2,8],X[8,6,5,7],V[0],V[4]
X[0,1,2,3],X[4,5,2,6],X[7,0,3,8],X[4,6,7,8],V[1],V[5]
X[0,1,2,3],X[4,5,2,6],X[0,3,7,8],X[7,4,6,8],V[1],V[5]
X[0,1,2,3],X[4,2,5,6],X[7,0,3,8],X[8,6,5,7],V[1],V[4]
X[0,1,2,3],X[4,5,1,6],X[7,3,2,8],X[8,4,6,7],V[0],V[5]
X[0,1,2,3],X[2,4,5,6],X[0,3,7,8],X[6,5,8,7],V[1],V[4]
X[0,1,2,3],X[4,1,5,6],X[3,2,7,8],X[4,6,8,7],V[0],V[5]
X[0,1,2,3],X[1,4,5,6],X[7,3,2,8],X[6,5,7,8],V[0],V[4]
X[0,1,2,3],X[1,4,5,6],X[3,2,7,8],X[7,6,5,8],V[0],V[4]
X[0,1,2,3],X[4,2,5,6],X[0,3,7,8],X[4,6,8,7],V[1],V[5]
X[0,1,2,3],X[2,4,5,6],X[7,0,3,8],X[6,5,7,8],V[1],V[4]
X[0,1,2,3],X[2,4,5,6],X[0,3,7,8],X[7,6,5,8],V[1],V[4]
X[0,1,2,3],X[4,1,5,6],X[7,3,2,8],X[4,6,7,8],V[0],V[5]
X[0,1,2,3],X[4,1,5,6],X[3,2,7,8],X[7,4,6,8],V[0],V[5]
X[0,1,2,3],X[1,4,5,6],X[7,3,2,8],X[8,6,5,7],V[0],V[4]
X[0,1,2,3],X[4,2,5,6],X[7,0,3,8],X[4,6,7,8],V[1],V[5]
X[0,1,2,3],X[4,2,5,6],X[0,3,7,8],X[7,4,6,8],V[1],V[5]
X[0,1,2,3],X[2,4,5,6],X[7,0,3,8],X[8,6,5,7],V[1],V[4]
X[0,1,2,3],X[4,1,5,6],X[7,3,2,8],X[8,4,6,7],V[0],V[5]
X[0,1,2,3],X[2,4,5,6],X[0,3,7,8],X[6,4,8,7],V[1],V[5]
X[0,1,2,3],X[1,4,5,6],X[7,3,2,8],X[6,4,7,8],V[0],V[5]
X[0,1,2,3],X[1,4,5,6],X[3,2,7,8],X[7,6,4,8],V[0],V[5]
X[0,1,2,3],X[4,2,5,6],X[0,3,7,8],X[4,5,8,7],V[1],V[6]
X[0,1,2,3],X[2,4,5,6],X[7,0,3,8],X[6,4,7,8],V[1],V[5]
X[0,1,2,3],X[2,4,5,6],X[0,3,7,8],X[7,6,4,8],V[1],V[5]
X[0,1,2,3],X[4,1,5,6],X[7,3,2,8],X[4,5,7,8],V[0],V[6]
X[0,1,2,3],X[4,1,5,6],X[3,2,7,8],X[7,4,5,8],V[0],V[6]
X[0,1,2,3],X[1,4,5,6],X[7,3,2,8],X[8,6,4,7],V[0],V[5]
X[0,1,2,3],X[4,2,5,6],X[7,0,3,8],X[4,5,7,8],V[1],V[6]
X[0,1,2,3],X[4,2,5,6],X[0,3,7,8],X[7,4,5,8],V[1],V[6]
X[0,1,2,3],X[4,1,5,6],X[7,3,2,8],X[8,4,5,7],V[0],V[6]
X[0,1,2,3],X[4,1,5,6],X[0,3,7,8],X[6,5,8,7],V[2],V[4]
X[0,1,2,3],X[4,5,0,6],X[3,2,7,8],X[4,6,8,7],V[1],V[5]
X[0,1,2,3],X[4,0,5,6],X[7,3,2,8],X[6,5,7,8],V[1],V[4]
X[0,1,2,3],X[4,0,5,6],X[3,2,7,8],X[7,6,5,8],V[1],V[4]
X[0,1,2,3],X[4,5,1,6],X[0,3,7,8],X[4,6,8,7],V[2],V[5]
X[0,1,2,3],X[4,1,5,6],X[7,0,3,8],X[6,5,7,8],V[2],V[4]
X[0,1,2,3],X[4,1,5,6],X[0,3,7,8],X[7,6,5,8],V[2],V[4]
X[0,1,2,3],X[4,5,0,6],X[7,3,2,8],X[4,6,7,8],V[1],V[5]
X[0,1,2,3],X[4,5,0,6],X[3,2,7,8],X[7,4,6,8],V[1],V[5]
X[0,1,2,3],X[4,0,5,6],X[7,3,2,8],X[8,6,5,7],V[1],V[4]
X[0,1,2,3],X[4,5,1,6],X[7,0,3,8],X[4,6,7,8],V[2],V[5]
X[0,1,2,3],X[4,5,1,6],X[0,3,7,8],X[7,4,6,8],V[2],V[5]
X[0,1,2,3],X[4,1,5,6],X[7,0,3,8],X[8,6,5,7],V[2],V[4]
X[0,1,2,3],X[4,5,0,6],X[7,3,2,8],X[8,4,6,7],V[1],V[5]
X[0,1,2,3],X[1,4,5,6],X[0,3,7,8],X[6,5,8,7],V[2],V[4]
X[0,1,2,3],X[4,0,5,6],X[3,2,7,8],X[4,6,8,7],V[1],V[5]
X[0,1,2,3],X[0,4,5,6],X[7,3,2,8],X[6,5,7,8],V[1],V[4]
X[0,1,2,3],X[0,4,5,6],X[3,2,7,8],X[7,6,5,8],V[1],V[4]
X[0,1,2,3],X[4,1,5,6],X[0,3,7,8],X[4,6,8,7],V[2],V[5]
X[0,1,2,3],X[1,4,5,6],X[7,0,3,8],X[6,5,7,8],V[2],V[4]
X[0,1,2,3],X[1,4,5,6],X[0,3,7,8],X[7,6,5,8],V[2],V[4]
X[0,1,2,3],X[4,0,5,6],X[7,3,2,8],X[4,6,7,8],V[1],V[5]
X[0,1,2,3],X[4,0,5,6],X[3,2,7,8],X[7,4,6,8],V[1],V[5]
X[0,1,2,3],X[0,4,5,6],X[7,3,2,8],X[8,6,5,7],V[1],V[4]
X[0,1,2,3],X[4,1,5,6],X[7,0,3,8],X[4,6,7,8],V[2],V[5]
X[0,1,2,3],X[4,1,5,6],X[0,3,7,8],X[7,4,6,8],V[2],V[5]
X[0,1,2,3],X[1,4,5,6],X[7,0,3,8],X[8,6,5,7],V[2],V[4]
X[0,1,2,3],X[4,0,5,6],X[7,3,2,8],X[8,4,6,7],V[1],V[5]
X[0,1,2,3],X[1,4,5,6],X[0,3,7,8],X[6,4,8,7],V[2],V[5]
X[0,1,2,3],X[0,4,5,6],X[7,3,2,8],X[6,4,7,8],V[1],V[5]
X[0,1,2,3],X[0,4,5,6],X[3,2,7,8],X[7,6,4,8],V[1],V[5]
X[0,1,2,3],X[4,1,5,6],X[0,3,7,8],X[4,5,8,7],V[2],V[6]
X[0,1,2,3],X[1,4,5,6],X[7,0,3,8],X[6,4,7,8],V[2],V[5]
X[0,1,2,3],X[1,4,5,6],X[0,3,7,8],X[7,6,4,8],V[2],V[5]
X[0,1,2,3],X[4,0,5,6],X[7,3,2,8],X[4,5,7,8],V[1],V[6]
X[0,1,2,3],X[4,0,5,6],X[3,2,7,8],X[7,4,5,8],V[1],V[6]
X[0,1,2,3],X[0,4,5,6],X[7,3,2,8],X[8,6,4,7],V[1],V[5]
X[0,1,2,3],X[4,1,5,6],X[7,0,3,8],X[4,5,7,8],V[2],V[6]
X[0,1,2,3],X[4,1,5,6],X[0,3,7,8],X[7,4,5,8],V[2],V[6]
X[0,1,2,3],X[4,0,5,6],X[7,3,2,8],X[8,4,5,7],V[1],V[6]
X[0,1,2,3],X[4,5,0,6],X[3,1,7,8],X[4,6,8,7],V[2],V[5]
X[0,1,2,3],X[4,0,5,6],X[7,3,1,8],X[6,5,7,8],V[2],V[4]
X[0,1,2,3],X[4,0,5,6],X[3,1,7,8],X[7,6,5,8],V[2],V[4]
X[0,1,2,3],X[4,5,1,6],X[0,2,7,8],X[4,6,8,7],V[3],V[5]
X[0,1,2,3],X[4,1,5,6],X[7,0,2,8],X[6,5,7,8],V[3],V[4]
X[0,1,2,3],X[4,1,5,6],X[0,2,7,8],X[7,6,5,8],V[3],V[4]
X[0,1,2,3],X[4,5,0,6],X[7,3,1,8],X[4,6,7,8],V[2],V[5]
X[0,1,2,3],X[4,5,0,6],X[3,1,7,8],X[7,4,6,8],V[2],V[5]
X[0,1,2,3],X[4,0,5,6],X[7,3,1,8],X[8,6,5,7],V[2],V[4]
X[0,1,2,3],X[4,5,1,6],X[7,0,2,8],X[4,6,7,8],V[3],V[5]
X[0,1,2,3],X[4,5,1,6],X[0,2,7,8],X[7,4,6,8],V[3],V[5]
X[0,1,2,3],X[4,1,5,6],X[7,0,2,8],X[8,6,5,7],V[3],V[4]
X[0,1,2,3],X[4,0,5,6],X[3,1,7,8],X[4,6,8,7],V[2],V[5]
X[0,1,2,3],X[0,4,5,6],X[7,3,1,8],X[6,5,7,8],V[2],V[4]
X[0,1,2,3],X[0,4,5,6],X[3,1,7,8],X[7,6,5,8],V[2],V[4]
X[0,1,2,3],X[4,1,5,6],X[0,2,7,8],X[4,6,8,7],V[3],V[5]
X[0,1,2,3],X[1,4,5,6],X[7,0,2,8],X[6,5,7,8],V[3],V[4]
X[0,1,2,3],X[1,4,5,6],X[0,2,7,8],X[7,6,5,8],V[3],V[4]
X[0,1,2,3],X[4,0,5,6],X[7,3,1,8],X[4,6,7,8],V[2],V[5]
X[0,1,2,3],X[4,0,5,6],X[3,1,7,8],X[7,4,6,8],V[2],V[5]
X[0,1,2,3],X[0,4,5,6],X[7,3,1,8],X[8,6,5,7],V[2],V[4]
X[0,1,2,3],X[4,1,5,6],X[7,0,2,8],X[4,6,7,8],V[3],V[5]
X[0,1,2,3],X[4,1,5,6],X[0,2,7,8],X[7,4,6,8],V[3],V[5]
X[0,1,2,3],X[1,4,5,6],X[7,0,2,8],X[8,6,5,7],V[3],V[4]
X[0,1,2,3],X[0,4,5,6],X[7,3,1,8],X[6,4,7,8],V[2],V[5]
X[0,1,2,3],X[0,4,5,6],X[3,1,7,8],X[7,6,4,8],V[2],V[5]
X[0,1,2,3],X[1,4,5,6],X[7,0,2,8],X[6,4,7,8],V[3],V[5]
X[0,1,2,3],X[1,4,5,6],X[0,2,7,8],X[7,6,4,8],V[3],V[5]
X[0,1,2,3],X[4,0,5,6],X[7,3,1,8],X[4,5,7,8],V[2],V[6]
X[0,1,2,3],X[4,0,5,6],X[3,1,7,8],X[7,4,5,8],V[2],V[6]
X[0,1,2,3],X[4,1,5,6],X[7,0,2,8],X[4,5,7,8],V[3],V[6]
X[0,1,2,3],X[4,1,5,6],X[0,2,7,8],X[7,4,5,8],V[3],V[6]
X[0,1,2,3],X[4,5,6,7],X[2,1,5,8],X[3,8,7,6],V[0],V[4]
X[0,1,2,3],X[4,5,6,7],X[2,1,6,8],X[3,8,4,7],V[0],V[5]
X[0,1,2,3],X[4,5,6,7],X[2,1,5,8],X[6,3,8,7],V[0],V[4]
X[0,1,2,3],X[4,5,6,7],X[3,2,6,8],X[0,8,4,7],V[1],V[5]
X[0,1,2,3],X[4,5,6,7],X[8,3,2,5],X[0,8,7,6],V[1],V[4]
X[0,1,2,3],X[4,5,6,7],X[3,2,5,8],X[6,0,8,7],V[1],V[4]
X[0,1,2,3],X[4,5,6,7],X[8,2,1,6],X[3,8,4,7],V[0],V[5]
X[0,1,2,3],X[4,5,6,7],X[2,1,6,8],X[7,3,8,4],V[0],V[5]
X[0,1,2,3],X[4,5,6,7],X[8,2,1,5],X[6,3,8,7],V[0],V[4]
X[0,1,2,3],X[4,5,6,7],X[8,3,2,6],X[0,8,4,7],V[1],V[5]
X[0,1,2,3],X[4,5,6,7],X[8,3,2,5],X[6,0,8,7],V[1],V[4]
X[0,1,2,3],X[4,5,6,7],X[8,3,2,6],X[7,0,8,4],V[1],V[5]
X[0,1,2,3],X[4,5,6,7],X[2,1,4,8],X[3,8,7,6],V[0],V[5]
X[0,1,2,3],X[4,5,6,7],X[2,1,5,8],X[3,8,4,7],V[0],V[6]
X[0,1,2,3],X[4,5,6,7],X[2,1,4,8],X[6,3,8,7],V[0],V[5]
X[0,1,2,3],X[4,5,6,7],X[3,2,5,8],X[0,8,4,7],V[1],V[6]
X[0,1,2,3],X[4,5,6,7],X[8,3,2,4],X[0,8,7,6],V[1],V[5]
X[0,1,2,3],X[4,5,6,7],X[3,2,4,8],X[6,0,8,7],V[1],V[5]
X[0,1,2,3],X[4,5,6,7],X[8,2,1,5],X[3,8,4,7],V[0],V[6]
X[0,1,2,3],X[4,5,6,7],X[2,1,5,8],X[7,3,8,4],V[0],V[6]
X[0,1,2,3],X[4,5,6,7],X[8,2,1,4],X[6,3,8,7],V[0],V[5]
X[0,1,2,3],X[4,5,6,7],X[8,3,2,5],X[0,8,4,7],V[1],V[6]
X[0,1,2,3],X[4,5,6,7],X[8,3,2,4],X[6,0,8,7],V[1],V[5]
X[0,1,2,3],X[4,5,6,7],X[8,3,2,5],X[7,0,8,4],V[1],V[6]
X[0,1,2,3],X[4,5,6,7],X[2,1,4,8],X[3,8,7,5],V[0],V[6]
X[0,1,2,3],X[4,5,6,7],X[2,1,5,8],X[3,8,4,6],V[0],V[7]
X[0,1,2,3],X[4,5,6,7],X[2,1,4,8],X[5,3,8,7],V[0],V[6]
X[0,1,2,3],X[4,5,6,7],X[8,3,2,4],X[0,8,7,5],V[1],V[6]
X[0,1,2,3],X[4,5,6,7],X[2,1,5,8],X[6,3,8,4],V[0],V[7]
X[0,1,2,3],X[4,5,6,7],X[8,3,2,5],X[0,8,4,6],V[1],V[7]
X[0,1,2,3],X[4,5,6,7],X[8,3,2,4],X[5,0,8,7],V[1],V[6]
X[0,1,2,3],X[4,5,6,7],X[8,3,2,5],X[6,0,8,4],V[1],V[7]
X[0,1,2,3],X[4,5,6,7],X[2,0,6,8],X[3,8,4,7],V[1],V[5]
X[0,1,2,3],X[4,5,6,7],X[2,0,5,8],X[6,3,8,7],V[1],V[4]
X[0,1,2,3],X[4,5,6,7],X[3,1,6,8],X[0,8,4,7],V[2],V[5]
X[0,1,2,3],X[4,5,6,7],X[3,1,5,8],X[6,0,8,7],V[2],V[4]
X[0,1,2,3],X[4,5,6,7],X[8,2,0,6],X[3,8,4,7],V[1],V[5]
X[0,1,2,3],X[4,5,6,7],X[8,2,0,5],X[6,3,8,7],V[1],V[4]
X[0,1,2,3],X[4,5,6,7],X[8,3,1,6],X[0,8,4,7],V[2],V[5]
X[0,1,2,3],X[4,5,6,7],X[8,3,1,5],X[6,0,8,7],V[2],V[4]
X[0,1,2,3],X[4,5,6,7],X[2,0,5,8],X[3,8,4,7],V[1],V[6]
X[0,1,2,3],X[4,5,6,7],X[2,0,4,8],X[6,3,8,7],V[1],V[5]
X[0,1,2,3],X[4,5,6,7],X[3,1,5,8],X[0,8,4,7],V[2],V[6]
X[0,1,2,3],X[4,5,6,7],X[3,1,4,8],X[6,0,8,7],V[2],V[5]
X[0,1,2,3],X[4,5,6,7],X[8,2,0,5],X[3,8,4,7],V[1],V[6]
X[0,1,2,3],X[4,5,6,7],X[8,2,0,4],X[6,3,8,7],V[1],V[5]
X[0,1,2,3],X[4,5,6,7],X[8,3,1,5],X[0,8,4,7],V[2],V[6]
X[0,1,2,3],X[4,5,6,7],X[8,3,1,4],X[6,0,8,7],V[2],V[5]
X[0,1,2,3],X[4,5,6,7],X[2,1,5,8],X[0,8,7,6],V[3],V[4]
X[0,1,2,3],X[4,5,6,7],X[1,0,6,8],X[3,8,4,7],V[2],V[5]
X[0,1,2,3],X[4,5,6,7],X[8,1,0,5],X[3,8,7,6],V[2],V[4]
X[0,1,2,3],X[4,5,6,7],X[1,0,5,8],X[6,3,8,7],V[2],V[4]
X[0,1,2,3],X[4,5,6,7],X[2,1,6,8],X[0,8,4,7],V[3],V[5]
X[0,1,2,3],X[4,5,6,7],X[2,1,5,8],X[6,0,8,7],V[3],V[4]
X[0,1,2,3],X[4,5,6,7],X[8,1,0,6],X[3,8,4,7],V[2],V[5]
X[0,1,2,3],X[4,5,6,7],X[8,1,0,5],X[6,3,8,7],V[2],V[4]
X[0,1,2,3],X[4,5,6,7],X[8,2,1,6],X[0,8,4,7],V[3],V[5]
X[0,1,2,3],X[4,5,6,7],X[2,1,6,8],X[7,0,8,4],V[3],V[5]
X[0,1,2,3],X[4,5,6,7],X[8,2,1,5],X[6,0,8,7],V[3],V[4]
X[0,1,2,3],X[4,5,6,7],X[8,1,0,6],X[7,3,8,4],V[2],V[5]
X[0,1,2,3],X[4,5,6,7],X[2,1,4,8],X[0,8,7,6],V[3],V[5]
X[0,1,2,3],X[4,5,6,7],X[1,0,5,8],X[3,8,4,7],V[2],V[6]
X[0,1,2,3],X[4,5,6,7],X[8,1,0,4],X[3,8,7,6],V[2],V[5]
X[0,1,2,3],X[4,5,6,7],X[1,0,4,8],X[6,3,8,7],V[2],V[5]
X[0,1,2,3],X[4,5,6,7],X[2,1,5,8],X[0,8,4,7],V[3],V[6]
X[0,1,2,3],X[4,5,6,7],X[2,1,4,8],X[6,0,8,7],V[3],V[5]
X[0,1,2,3],X[4,5,6,7],X[8,1,0,5],X[3,8,4,7],V[2],V[6]
X[0,1,2,3],X[4,5,6,7],X[8,1,0,4],X[6,3,8,7],V[2],V[5]
X[0,1,2,3],X[4,5,6,7],X[8,2,1,5],X[0,8,4,7],V[3],V[6]
X[0,1,2,3],X[4,5,6,7],X[2,1,5,8],X[7,0,8,4],V[3],V[6]
X[0,1,2,3],X[4,5,6,7],X[8,2,1,4],X[6,0,8,7],V[3],V[5]
X[0,1,2,3],X[4,5,6,7],X[8,1,0,5],X[7,3,8,4],V[2],V[6]
X[0,1,2,3],X[4,5,6,7],X[2,1,4,8],X[0,8,7,5],V[3],V[6]
X[0,1,2,3],X[4,5,6,7],X[8,1,0,4],X[3,8,7,5],V[2],V[6]
X[0,1,2,3],X[4,5,6,7],X[2,1,5,8],X[0,8,4,6],V[3],V[7]
X[0,1,2,3],X[4,5,6,7],X[2,1,4,8],X[5,0,8,7],V[3],V[6]
X[0,1,2,3],X[4,5,6,7],X[8,1,0,5],X[3,8,4,6],V[2],V[7]
X[0,1,2,3],X[4,5,6,7],X[8,1,0,4],X[5,3,8,7],V[2],V[6]
X[0,1,2,3],X[4,5,6,7],X[2,1,5,8],X[6,0,8,4],V[3],V[7]
X[0,1,2,3],X[4,5,6,7],X[8,1,0,5],X[6,3,8,4],V[2],V[7]
X[0,1,2,3],X[4,5,6,7],X[2,1,8,5],X[3,7,6,8],V[0],V[4]
X[0,1,2,3],X[4,5,6,7],X[3,2,8,5],X[0,7,6,8],V[1],V[4]
X[0,1,2,3],X[4,5,6,7],X[2,1,8,6],X[3,4,7,8],V[0],V[5]
X[0,1,2,3],X[4,5,6,7],X[5,2,1,8],X[3,7,6,8],V[0],V[4]
X[0,1,2,3],X[4,5,6,7],X[2,1,8,5],X[8,3,7,6],V[0],V[4]
X[0,1,2,3],X[4,5,6,7],X[5,3,2,8],X[0,7,6,8],V[1],V[4]
X[0,1,2,3],X[4,5,6,7],X[2,1,8,6],X[8,3,4,7],V[0],V[5]
X[0,1,2,3],X[4,5,6,7],X[6,3,2,8],X[0,4,7,8],V[1],V[5]
X[0,1,2,3],X[4,5,6,7],X[3,2,8,6],X[8,0,4,7],V[1],V[5]
X[0,1,2,3],X[4,5,6,7],X[5,3,2,8],X[8,0,7,6],V[1],V[4]
X[0,1,2,3],X[4,5,6,7],X[6,2,1,8],X[8,3,4,7],V[0],V[5]
X[0,1,2,3],X[4,5,6,7],X[6,3,2,8],X[8,0,4,7],V[1],V[5]
X[0,1,2,3],X[4,5,6,7],X[2,1,8,4],X[3,7,6,8],V[0],V[5]
X[0,1,2,3],X[4,5,6,7],X[3,2,8,4],X[0,7,6,8],V[1],V[5]
X[0,1,2,3],X[4,5,6,7],X[2,1,8,5],X[3,4,7,8],V[0],V[6]
X[0,1,2,3],X[4,5,6,7],X[4,2,1,8],X[3,7,6,8],V[0],V[5]
X[0,1,2,3],X[4,5,6,7],X[2,1,8,4],X[8,3,7,6],V[0],V[5]
X[0,1,2,3],X[4,5,6,7],X[4,3,2,8],X[0,7,6,8],V[1],V[5]
X[0,1,2,3],X[4,5,6,7],X[2,1,8,5],X[8,3,4,7],V[0],V[6]
X[0,1,2,3],X[4,5,6,7],X[5,3,2,8],X[0,4,7,8],V[1],V[6]
X[0,1,2,3],X[4,5,6,7],X[3,2,8,5],X[8,0,4,7],V[1],V[6]
X[0,1,2,3],X[4,5,6,7],X[4,3,2,8],X[8,0,7,6],V[1],V[5]
X[0,1,2,3],X[4,5,6,7],X[5,2,1,8],X[8,3,4,7],V[0],V[6]
X[0,1,2,3],X[4,5,6,7],X[5,3,2,8],X[8,0,4,7],V[1],V[6]
X[0,1,2,3],X[4,5,6,7],X[2,1,8,4],X[3,7,5,8],V[0],V[6]
X[0,1,2,3],X[4,5,6,7],X[2,1,8,5],X[3,4,6,8],V[0],V[7]
X[0,1,2,3],X[4,5,6,7],X[2,1,8,4],X[8,3,7,5],V[0],V[6]
X[0,1,2,3],X[4,5,6,7],X[4,3,2,8],X[0,7,5,8],V[1],V[6]
X[0,1,2,3],X[4,5,6,7],X[2,1,8,5],X[8,3,4,6],V[0],V[7]
X[0,1,2,3],X[4,5,6,7],X[5,3,2,8],X[0,4,6,8],V[1],V[7]
X[0,1,2,3],X[4,5,6,7],X[4,3,2,8],X[8,0,7,5],V[1],V[6]
X[0,1,2,3],X[4,5,6,7],X[5,3,2,8],X[8,0,4,6],V[1],V[7]
X[0,1,2,3],X[4,5,6,7],X[2,0,8,5],X[3,7,6,8],V[1],V[4]
X[0,1,2,3],X[4,5,6,7],X[3,1,8,5],X[0,7,6,8],V[2],V[4]
X[0,1,2,3],X[4,5,6,7],X[5,2,0,8],X[3,7,6,8],V[1],V[4]
X[0,1,2,3],X[4,5,6,7],X[5,3,1,8],X[0,7,6,8],V[2],V[4]
X[0,1,2,3],X[4,5,6,7],X[2,0,8,6],X[8,3,4,7],V[1],V[5]
X[0,1,2,3],X[4,5,6,7],X[3,1,8,6],X[8,0,4,7],V[2],V[5]
X[0,1,2,3],X[4,5,6,7],X[6,2,0,8],X[8,3,4,7],V[1],V[5]
X[0,1,2,3],X[4,5,6,7],X[6,3,1,8],X[8,0,4,7],V[2],V[5]
X[0,1,2,3],X[4,5,6,7],X[2,0,8,4],X[3,7,6,8],V[1],V[5]
X[0,1,2,3],X[4,5,6,7],X[3,1,8,4],X[0,7,6,8],V[2],V[5]
X[0,1,2,3],X[4,5,6,7],X[4,2,0,8],X[3,7,6,8],V[1],V[5]
X[0,1,2,3],X[4,5,6,7],X[4,3,1,8],X[0,7,6,8],V[2],V[5]
X[0,1,2,3],X[4,5,6,7],X[2,0,8,5],X[8,3,4,7],V[1],V[6]
X[0,1,2,3],X[4,5,6,7],X[3,1,8,5],X[8,0,4,7],V[2],V[6]
X[0,1,2,3],X[4,5,6,7],X[5,2,0,8],X[8,3,4,7],V[1],V[6]
X[0,1,2,3],X[4,5,6,7],X[5,3,1,8],X[8,0,4,7],V[2],V[6]
X[0,1,2,3],X[4,5,6,7],X[1,0,8,5],X[3,7,6,8],V[2],V[4]
X[0,1,2,3],X[4,5,6,7],X[2,1,8,5],X[0,7,6,8],V[3],V[4]
X[0,1,2,3],X[4,5,6,7],X[5,1,0,8],X[3,7,6,8],V[2],V[4]
X[0,1,2,3],X[4,5,6,7],X[2,1,8,6],X[0,4,7,8],V[3],V[5]
X[0,1,2,3],X[4,5,6,7],X[5,2,1,8],X[0,7,6,8],V[3],V[4]
X[0,1,2,3],X[4,5,6,7],X[2,1,8,5],X[8,0,7,6],V[3],V[4]
X[0,1,2,3],X[4,5,6,7],X[6,1,0,8],X[3,4,7,8],V[2],V[5]
X[0,1,2,3],X[4,5,6,7],X[1,0,8,6],X[8,3,4,7],V[2],V[5]
X[0,1,2,3],X[4,5,6,7],X[5,1,0,8],X[8,3,7,6],V[2],V[4]
X[0,1,2,3],X[4,5,6,7],X[2,1,8,6],X[8,0,4,7],V[3],V[5]
X[0,1,2,3],X[4,5,6,7],X[6,1,0,8],X[8,3,4,7],V[2],V[5]
X[0,1,2,3],X[4,5,6,7],X[6,2,1,8],X[8,0,4,7],V[3],V[5]
X[0,1,2,3],X[4,5,6,7],X[1,0,8,4],X[3,7,6,8],V[2],V[5]
X[0,1,2,3],X[4,5,6,7],X[2,1,8,4],X[0,7,6,8],V[3],V[5]
X[0,1,2,3],X[4,5,6,7],X[4,1,0,8],X[3,7,6,8],V[2],V[5]
X[0,1,2,3],X[4,5,6,7],X[2,1,8,5],X[0,4,7,8],V[3],V[6]
X[0,1,2,3],X[4,5,6,7],X[4,2,1,8],X[0,7,6,8],V[3],V[5]
X[0,1,2,3],X[4,5,6,7],X[2,1,8,4],X[8,0,7,6],V[3],V[5]
X[0,1,2,3],X[4,5,6,7],X[5,1,0,8],X[3,4,7,8],V[2],V[6]
X[0,1,2,3],X[4,5,6,7],X[1,0,8,5],X[8,3,4,7],V[2],V[6]
X[0,1,2,3],X[4,5,6,7],X[4,1,0,8],X[8,3,7,6],V[2],V[5]
X[0,1,2,3],X[4,5,6,7],X[2,1,8,5],X[8,0,4,7],V[3],V[6]
X[0,1,2,3],X[4,5,6,7],X[5,1,0,8],X[8,3,4,7],V[2],V[6]
X[0,1,2,3],X[4,5,6,7],X[5,2,1,8],X[8,0,4,7],V[3],V[6]
X[0,1,2,3],X[4,5,6,7],X[2,1,8,4],X[0,7,5,8],V[3],V[6]
X[0,1,2,3],X[4,5,6,7],X[4,1,0,8],X[3,7,5,8],V[2],V[6]
X[0,1,2,3],X[4,5,6,7],X[2,1,8,5],X[0,4,6,8],V[3],V[7]
X[0,1,2,3],X[4,5,6,7],X[2,1,8,4],X[8,0,7,5],V[3],V[6]
X[0,1,2,3],X[4,5,6,7],X[5,1,0,8],X[3,4,6,8],V[2],V[7]
X[0,1,2,3],X[4,5,6,7],X[4,1,0,8],X[8,3,7,5],V[2],V[6]
X[0,1,2,3],X[4,5,6,7],X[2,1,8,5],X[8,0,4,6],V[3],V[7]
X[0,1,2,3],X[4,5,6,7],X[5,1,0,8],X[8,3,4,6],V[2],V[7]
